-1.001878181756262194e+02 7.823778500186699680e-02 3.955346657006508782e-01
-9.671830289850213092e+01 8.243574844584242167e-02 4.297620398871514480e-01
-9.305452173655841364e+01 1.514035784859004696e-01 5.155918189331016865e-01
-9.651617631465362024e+01 7.348136734377251622e-02 4.179682147689801619e-01
-9.873619521285770873e+01 4.663635545724407333e-02 3.996947526891934666e-01
-1.070326680045001524e+02 1.271799620601686831e-01 4.331750374817048832e-01
-1.051814720915693613e+02 1.842011874388182757e-01 4.333570248493248123e-01
-1.082667097403381007e+02 1.643940649431746559e-01 4.624890585475920912e-01
-1.029520407796555901e+02 1.718377302736192325e-01 4.843148319365014887e-01
-1.033481884605050851e+02 1.184673241523834936e-01 4.777369520280956294e-01
-1.042798423893687527e+02 1.499706721143004573e-01 4.835715621404249598e-01
-9.881579145772718675e+01 1.598299977342825251e-01 4.994639641965015753e-01
-1.022696592634700608e+02 1.636485374287235672e-01 4.887360092349503637e-01
-9.978998619095749234e+01 1.281181567716853931e-01 4.966221031014717568e-01
-9.731202320491041746e+01 3.986880105085015280e-02 4.951725056577815365e-01
-9.846541847627017319e+01 9.311511132805944113e-02 5.134993788194132103e-01
-9.929175672355616200e+01 1.024251594086724587e-01 4.946802412971822438e-01
-1.034797022382937968e+02 1.195022040583543499e-01 4.778933098143057223e-01
-1.088436116297316687e+02 1.350681692095801190e-01 4.398434783700365669e-01
-9.545716342989616976e+01 1.607693054624667883e-01 3.783234126225224481e-01
-1.006387218520544593e+02 1.081128951883617156e-01 4.032947835148488758e-01
-8.669329199635782857e+01 1.608522740790164218e-01 5.380122177751073265e-01
-8.703292469840039303e+01 1.634166767368090134e-01 5.374814976007254996e-01
-1.077834631523794400e+02 1.737732394767151078e-01 4.442955580230483759e-01
-1.049655513591005445e+02 1.846848174988497404e-01 4.313648825768197637e-01
-9.869028242962642139e+01 1.823584185284592984e-01 3.815819912303032302e-01
-9.641400982879797255e+01 1.841303153564202433e-01 3.433362094645345253e-01
-1.058039307011553092e+02 1.744374756374726110e-01 4.229622508701906813e-01
-1.077552861527264128e+02 1.737202747549509152e-01 4.504456766079505958e-01
-1.011210555152819666e+02 2.041252425041297502e-01 4.155524527628737252e-01
-1.035507307327080611e+02 1.814863959769346946e-01 4.131032343882367619e-01
-1.017829252115884202e+02 1.044568424689694547e-01 4.268548234701979305e-01
-1.002239207869307478e+02 1.773707137548197477e-01 3.936862821044844196e-01
-9.765299566544881316e+01 2.113805893190308649e-01 4.811515521147275987e-01
-9.236444284015557571e+01 2.841451612252531289e-01 5.605624833758479086e-01
-9.755214678452330190e+01 2.743346291293067840e-01 5.104656680286348003e-01
-8.144774299290867248e+01 3.606366163361572341e-01 5.355696507274634310e-01
-9.413836571882592352e+01 4.148008581051111920e-01 4.322519058300723360e-01
-9.282512325370493045e+01 4.102697698053119346e-01 4.576759610291811220e-01
-1.031708000338667972e+02 3.720317266105597764e-01 4.616378803613125914e-01
-1.004377025233449103e+02 3.448979450985278916e-01 3.962711781480103834e-01
-1.015414367246202687e+02 3.930083888301311168e-01 3.590793474707779098e-01
-9.842570614403022944e+01 3.745642839123540235e-01 3.813225029682212885e-01
-1.103124591823543312e+02 4.202529196229059516e-01 3.377476353989815050e-01
-1.083678835497639596e+02 4.363839196472275028e-01 2.848890772343731781e-01
-1.352974355268451063e+02 5.421237007035887290e-01 2.198649809205766581e-01
-1.201309723460332464e+02 5.207815120524144081e-01 2.759998413302302001e-01
-1.084350296524140447e+02 4.339670804476401522e-01 2.850339132292493693e-01
-1.086677670920103793e+02 4.471583607195390719e-01 2.876214236616545517e-01
-1.130202867715042601e+02 4.630945086912878206e-01 3.260369160829220680e-01
-1.137060009085706724e+02 4.515779699433856709e-01 3.421663924572156401e-01
-1.041543914138560893e+02 4.087700672672763824e-01 3.725477123467612617e-01
-1.064783222091624850e+02 4.030512482273893582e-01 3.321127612417471564e-01
-1.175580307855853732e+02 5.149731343412530249e-01 2.808646407775666765e-01
-1.123040148297702103e+02 4.846673894125194670e-01 2.768464764883825646e-01
-1.136396156229858434e+02 4.570060982234629976e-01 3.328285899455782348e-01
-1.098201618011666909e+02 4.228178453387869129e-01 3.029228501386740935e-01
-1.083749742901149631e+02 4.269004754403301627e-01 3.670635190470106224e-01
-1.127601356419061176e+02 4.364651202532054963e-01 3.264002888543979242e-01
-1.117448742372275206e+02 3.980245241105048182e-01 2.791581883731897307e-01
-1.136441620674225419e+02 4.480834909977007285e-01 3.296344443955491754e-01
-1.019923709921843908e+02 3.928981677855877819e-01 3.518753273203518162e-01
-1.073094044339571838e+02 2.721637738130394113e-01 3.178065745756729066e-01
-1.107598587773735233e+02 2.596631031554435531e-01 3.377967208978023828e-01
-1.055705472128345548e+02 2.923711080577824917e-01 3.330256651043937421e-01
-1.107027188347577891e+02 2.653169826376939322e-01 3.466624768569139259e-01
-1.013309403876318413e+02 1.919788193726520154e-01 3.964201688710066729e-01
-1.110701560925892863e+02 2.569206256155886492e-01 3.403322626273119766e-01
-1.044258924110572053e+02 2.777117147058907332e-01 2.993885076468678630e-01
-1.178768418816019761e+02 2.701428332745899330e-01 1.764272850797173608e-01
-1.217335045126102386e+02 2.474525230635745698e-01 1.354591878929789217e-01
-1.206957068603714021e+02 2.785803424065184108e-01 9.886369862052891977e-02
-1.131902616187293660e+02 2.298402996099910001e-01 9.873042614407034900e-02
-1.151943883989250139e+02 2.719413654158446825e-01 6.338238328237634500e-02
-1.370378703812610297e+02 3.559878971702053474e-01 6.936320147414056815e-03
-1.374609238025301750e+02 3.545995171546271751e-01 8.926366751295568974e-03
-1.195792380366360135e+02 3.294221866949360589e-01 -3.695107018600159859e-02
-1.206388934165190676e+02 2.951632889548874150e-01 -4.364473542818324975e-02
-1.108721810703263770e+02 2.985735385798873875e-01 -9.059070762340055982e-02
-1.176725064615112046e+02 2.504948137003720210e-01 -5.965962088833650506e-02
-1.333996751661387066e+02 3.883401929606828396e-01 -3.600160828835256149e-02
-1.543575766611305937e+02 4.704666085346789206e-01 -4.116695384774254202e-03
-1.550577461466561715e+02 4.807903471123553540e-01 2.921310181101097973e-03
-1.504718528044784875e+02 4.332494510747558758e-01 -2.007774811473453380e-02
-1.559260321562955482e+02 4.680880770611414166e-01 -4.075363816557361213e-02
-1.950815608840355821e+02 7.905285361138856270e-01 1.714415573185022745e-02
-1.887033144177411828e+02 8.256618540328981570e-01 3.977128070956560679e-02
-2.006939756621206641e+02 8.729011027954809432e-01 -4.000145245882623379e-02
-2.006544604174429764e+02 8.797135818694408194e-01 -2.031848063412871122e-02
-1.889026713657353866e+02 8.514402669321556871e-01 3.425067673863008838e-02
-2.009259859436699287e+02 8.664420457110262319e-01 -1.505559186953771972e-02
-2.065884345189087412e+02 9.330814950085106751e-01 3.253755584405609164e-02
-1.929948042404157889e+02 9.523913588133614549e-01 8.929847833243509392e-02
-2.064369538954287293e+02 9.482045870273995147e-01 5.439030885683610733e-02
-1.947375276906916781e+02 9.228859003257233740e-01 -2.343233125488047852e-02
-1.975143725458353572e+02 8.560087337183283074e-01 -5.986772369705608415e-02
-1.815031745905546927e+02 7.695623265974933513e-01 -3.528955446914609773e-02
-1.938137675621984499e+02 8.034571100434395596e-01 -1.600782097250976616e-02
-1.943612423416444415e+02 8.224067380153410323e-01 9.181916379078173401e-03
-1.962828122160189253e+02 7.638205908292015067e-01 1.981213207922442876e-02
-1.979663156409163207e+02 7.603549561957487768e-01 4.648586335071230868e-02
-1.937610275740653094e+02 8.001091481724342813e-01 3.241594612652554108e-02
-1.994321942881199163e+02 8.304819354346806293e-01 -2.641206670415345917e-02
-1.913106634836047135e+02 7.861953168408988279e-01 -1.035809987558488146e-02
-1.931548181411127700e+02 7.431948857762064042e-01 1.264487449527755200e-02
-1.891507442474283209e+02 7.791587910958842622e-01 7.902502767066721390e-02
-1.904982946798708952e+02 7.373888335303613317e-01 7.148824060594108354e-02
-1.906626969085845076e+02 7.342602974397463012e-01 7.394282524162688365e-03
-1.970073641365564185e+02 7.466386467539161131e-01 4.894415896201675942e-02
-1.965754029502203934e+02 8.395564387214061730e-01 1.287708625289229070e-03
-2.008477182771348737e+02 9.056628918276684592e-01 2.644232697120655479e-02
-2.063534381164408842e+02 9.342253911490974172e-01 4.637044325062274902e-02
-1.991975238936204278e+02 9.297418019923386900e-01 7.286110342369621351e-02
-1.955889507217059418e+02 9.079398624066433721e-01 7.033325781508817376e-02
-1.708765209004195071e+02 8.751542643094007978e-01 1.604516958215819744e-01
-1.740817223128947830e+02 9.028996998707771171e-01 1.352414203653664326e-01
-1.865842649501327344e+02 8.192824589272107438e-01 6.396243550969192559e-02
-1.871858854809805450e+02 8.904788831228246382e-01 9.395460622055125388e-02
-1.983866592757304375e+02 9.757483758603101576e-01 7.415077812709820748e-02
-1.898661692320359293e+02 9.263627686315755172e-01 9.365901313939714590e-02
-1.809208874197923649e+02 9.142341825565900582e-01 1.132815482157863013e-01
-1.850687184676405934e+02 8.198197228236691059e-01 7.970114598869748601e-02
-1.807305132428692218e+02 8.926620987491385995e-01 1.213505059546237108e-01
-1.926376036628932127e+02 9.415363972158614647e-01 8.961096073980751031e-02
-1.808347679079022328e+02 9.727564040747306295e-01 -9.685379913254610340e-02
-1.941405116682485925e+02 9.924460627074553898e-01 -4.573082636086616554e-02
-1.754585988312973370e+02 9.641277780783704676e-01 -1.264057274398967257e-01
-1.778386275450686185e+02 9.341829145641259435e-01 -1.122736014646626701e-01
-1.803875804854545493e+02 9.237348856333759128e-01 -9.413633909895242902e-02
-1.973143683419750687e+02 9.984901734695477149e-01 -3.781197113399853427e-02
-1.497711250186795837e+02 9.965475227695482774e-01 1.947333260471128813e-01
-1.728067094818516978e+02 9.715093419467261127e-01 1.270991938318608849e-01
-1.787048153222582414e+02 9.256872725946069247e-01 1.158792417680417353e-01
-2.070371014152175917e+02 9.357222680405868909e-01 3.875739804806616062e-02
-1.994623280273197281e+02 9.347951324985128707e-01 7.386224397557764054e-02
-1.995530927774973122e+02 8.761618849397418973e-01 -5.117496470021683924e-03
-1.994680363872235205e+02 8.395199464798822619e-01 -1.323825017245733142e-02
-1.864131786046133072e+02 7.940982514033170236e-01 -4.631938160644818309e-02
-1.901318330118662061e+02 8.164865993819692136e-01 3.928833390121647812e-02
-1.875078408351230905e+02 8.145595067388343713e-01 6.256300794925133413e-02
-1.946417395141856446e+02 7.915718292323726812e-01 1.103561978525584297e-02
-1.955352622434407692e+02 7.711706311300742245e-01 5.908946469519572170e-02
-1.947648589768157592e+02 7.949740526560483689e-01 2.842048429780049887e-02
-1.944058177553883411e+02 7.389552685344867866e-01 2.068245502339204761e-02
-1.949746929322764117e+02 7.498880578197589797e-01 1.719299426319548588e-02
-1.945956809617876502e+02 7.975945873881856718e-01 1.518131031391567465e-02
-1.969922946405602033e+02 8.490869235503775148e-01 1.758052638023136025e-03
-1.997330960707308520e+02 8.899959933179185656e-01 -1.260133462008500120e-02
-1.978237427875863546e+02 9.090700619237567226e-01 -1.623219328785937068e-02
-1.984638874599520761e+02 9.752950457801401463e-01 -1.211804077986985452e-02
-2.060778135031142142e+02 9.680759741105955385e-01 2.231453935278703005e-02
-2.052378677769122817e+02 9.255742635304777810e-01 2.996333469456217979e-02
-1.978062181071269947e+02 9.697967913152373276e-01 7.759217810741779464e-02
-2.072450329935678326e+02 9.408644297765422770e-01 4.575058373275926737e-02
-2.032956775867352803e+02 9.805618391015858970e-01 1.057282428217344063e-02
-1.995341077856670040e+02 9.081040602976917508e-01 5.063045695859265394e-02
-1.961202379165695788e+02 8.862342151851666516e-01 2.688709481148902555e-02
-2.002850870762623288e+02 8.579964120521695881e-01 -4.968085436091802115e-02
-1.989422096474121133e+02 8.799533770484346817e-01 -4.460215158372148742e-02
-1.954773157380799660e+02 9.086539199402959843e-01 -2.976292539620276761e-02
-1.974222277979701516e+02 8.827576407572990114e-01 1.312706411194614758e-02
-1.980933163888380761e+02 9.270895095594434698e-01 7.478733049079853978e-02
-2.056259237999532559e+02 9.533178856516689725e-01 1.626031781963104689e-02
-1.980434643423422472e+02 9.626427565367783323e-01 7.844717848104336422e-02
-1.911814299304740246e+02 9.980530389481355735e-01 8.570802778016724244e-02
-1.993259974164459720e+02 9.850382477108702295e-01 -1.223601036196998032e-02
-1.816744891189188706e+02 9.598450696639447832e-01 -8.379745679972946948e-02
-1.896314428084118902e+02 9.887297805450616650e-01 -6.191619616764869327e-02
-1.905791422026922248e+02 9.961993785904527110e-01 -6.587133261800806605e-02
-1.845181969488177742e+02 9.281208476950481012e-01 -6.520880587753229152e-02
-1.992384309581363198e+02 8.682226214196824277e-01 -5.160562203485789118e-02
-1.873864601799023717e+02 8.753458073370118386e-01 -8.151292809245468118e-02
-1.990796990731871006e+02 8.816301651465652256e-01 -4.181983572574590746e-02
-1.987730467336176048e+02 8.442847514493939665e-01 -5.339820557782284927e-02
-1.910939531998611756e+02 8.426456093603486019e-01 2.357017763544378211e-02
-1.948103609359719428e+02 8.213811459754617461e-01 6.295976205709441671e-03
-1.932457334669033173e+02 8.738662728957227177e-01 2.815223172964734233e-02
-1.991972051066787515e+02 8.884458845539408012e-01 2.242849910295840327e-03
-1.936848152344601885e+02 8.096554524575050316e-01 1.776973265200858590e-02
-1.980065446005419290e+02 7.619311786304415746e-01 3.315750394574877580e-02
-1.853546569737885648e+02 7.818962453894731102e-01 8.922851201854303804e-02
-1.950491667772782307e+02 7.930843287832463062e-01 2.277193964641584245e-02
-1.965670043896566028e+02 7.442324769439037091e-01 2.985806000395586912e-02
-1.979963650208932222e+02 7.678312313267277034e-01 3.912234445087657553e-02
-1.971326511993403585e+02 7.669148690446853101e-01 5.191931101925283815e-02
-1.934572091823652613e+02 7.409579722712369421e-01 6.368700533574522815e-02
-1.963108893303766820e+02 7.549032436707214799e-01 5.758178569429749094e-02
-1.946025181881074388e+02 7.382661447593582560e-01 5.662747982897168436e-02
-1.793892992890146729e+02 7.510389666219645655e-01 -3.192259677815025704e-02
-1.945752568345720874e+02 7.470643715800792117e-01 1.665806062076089639e-02
-1.925586959910429812e+02 7.883809621279659341e-01 -5.043787484524706044e-03
-1.938878464649598072e+02 7.475072551226493722e-01 6.518988479854524731e-02
-1.953240041675662440e+02 7.340622378323187203e-01 3.918697241632120021e-02
-1.976506226906739982e+02 7.567832151107010130e-01 4.952532993471672751e-02
-1.978460874461905803e+02 7.698293764403362216e-01 3.626239952458007454e-02
-1.796764562796244604e+02 7.528615344476056181e-01 -3.161761472321520522e-02
-1.858602670061419815e+02 7.715670026242766877e-01 -2.138420017908641488e-02
-2.020025069381626963e+02 8.514395941506194276e-01 -3.492924188854200362e-02
-1.942055324653089770e+02 8.515013907255268855e-01 1.296538068418588534e-02
-1.994369807035402573e+02 8.497095333319465427e-01 -5.258786722298401661e-02
-1.904015332629742261e+02 8.084535092437333814e-01 -5.148801397189797097e-02
-1.948738171823079881e+02 7.527006368890756249e-01 1.576285931128582757e-02
-1.933904036876181465e+02 8.019013496193445611e-01 -1.713555510442190885e-02
-2.007208328829875938e+02 8.558998619560387322e-01 -4.756389195900068839e-02
-1.979320313552571520e+02 8.919023667493055640e-01 -3.546649738568161125e-02
-1.875063387312900716e+02 9.353450258200065592e-01 -4.556487852983173714e-02
-1.861298856014140597e+02 9.504211414579973871e-01 -4.894501995299174041e-02
-1.851616401982674631e+02 8.817931879598013278e-01 -8.532153493577804282e-02
-1.994504435554989925e+02 8.409734128039209056e-01 -4.861629861235953337e-02
-1.980033825262614187e+02 7.674316336397732918e-01 4.051548563465727504e-02
-1.981824036985695159e+02 7.606179061116739026e-01 3.657009258229587667e-02
-1.972011837460754293e+02 7.767988031568573426e-01 3.755134226787222584e-02
-1.893813456567878006e+02 7.873199893928760629e-01 -2.123217417735855789e-02
-1.900593743461926977e+02 9.087888580751745105e-01 -5.573917138474613481e-02
-2.029222829138219026e+02 9.553667951514028811e-01 5.617487714405572027e-03
-2.070572352805384355e+02 9.372269498997978232e-01 4.301870628232325189e-02
-2.013076370199031544e+02 9.823476647508460058e-01 -1.068394382076594609e-03
-2.009530767880764870e+02 9.955797580583565232e-01 3.996973243866074055e-02
-2.031626701115588673e+02 9.605752746393096952e-01 6.474122738094738663e-03
-2.078779201524897928e+02 9.515248359769800102e-01 3.125070171535676566e-02
-1.980297826967342303e+02 9.376589218139339543e-01 -9.325544631321281558e-03
-2.039771118836999051e+02 9.688402245475051799e-01 5.954010629055678933e-02
-2.026387114072332736e+02 9.665228771371116023e-01 6.539143338331403210e-02
-2.006652984619205995e+02 9.104191139885657869e-01 4.740278401878388059e-02
-2.043136085940902831e+02 9.791741026663601799e-01 4.718137982177900147e-02
-2.058690126051658069e+02 9.712209591979217294e-01 4.723271779462041159e-02
-2.071694528688638570e+02 9.378597987259446045e-01 4.246588325393452212e-02
-2.013469277448031107e+02 9.817806710047737306e-01 6.032417483486773174e-02
-2.041060627018138405e+02 9.723698615436658921e-01 5.653856594098111837e-02
-2.020487338140977727e+02 9.119272728523970528e-01 1.854087041958830256e-02
-1.947791802946149460e+02 8.913771280202837932e-01 4.735001295720694947e-02
-1.977998866700297640e+02 7.667422566301683728e-01 3.166501126781048198e-02
-1.897098735561044123e+02 7.426956792483234704e-01 1.008560287129653963e-03
-1.819542981369222900e+02 7.257535413104625466e-01 -2.125609912833804210e-02
-1.912697441013537514e+02 7.837357395578075092e-01 -8.660861877540370832e-03
-1.910330990510590254e+02 8.052530983911321272e-01 -4.280785705218598247e-02
-1.914013054632460467e+02 8.059206938261528341e-01 -4.202834361113692158e-02
-1.723733790515510123e+02 7.987005925007604201e-01 -1.018669866145122949e-01
-2.001915420090482769e+02 8.448778001318416608e-01 -1.481171793829115860e-02
-1.926051849959357298e+02 8.223099076506042993e-01 1.934558319592041831e-02
-1.977810996537090489e+02 7.661107198019529996e-01 3.113239158542427387e-02
-1.968923969655461121e+02 7.717587158851094697e-01 5.072343649377662744e-02
-1.936425909632394280e+02 8.276653886329687904e-01 1.295589186080613360e-02
-1.993517335199831848e+02 8.912403352925026834e-01 2.486908970052843088e-03
-2.057826575398295006e+02 9.292809572794263895e-01 2.848946877615743389e-02
-2.041746100815843761e+02 9.209189667526033185e-01 2.629707166249153905e-02
-2.004728511709408565e+02 9.143936295220317367e-01 1.162666773130990785e-03
-1.945918078042209345e+02 9.912836464595100594e-01 7.765222536295741940e-02
-2.057553452532712583e+02 9.722612113565991532e-01 4.667117298116774116e-02
-1.978409778356319180e+02 9.154433916008494210e-01 -1.323625203300522746e-02
-1.808750126582347093e+02 9.006207473980104572e-01 -9.365936342528270731e-02
-1.772774151897268382e+02 8.952385949220112993e-01 -1.026889579901018174e-01
-1.898603738911168648e+02 9.244205429390048856e-01 -4.190945679641878974e-02
-1.902166194728991400e+02 9.245836403862546238e-01 -4.030625041562727051e-02
-1.973476750851695840e+02 8.431945229386845764e-01 -1.111691218585543484e-03
-1.999900903825551097e+02 9.082502614918790407e-01 -9.253847214796369000e-04
-2.028913330400534960e+02 9.687565174717661654e-01 6.360025391597701194e-02
-2.075551549878477431e+02 9.629033463728883246e-01 3.971077683908703221e-02
-2.078492103058739815e+02 9.583467247148791390e-01 4.142545983775642454e-02
-2.006522725367976534e+02 9.078834887393399944e-01 4.052447987354916570e-02
-2.080147049770964713e+02 9.515608928046693782e-01 3.341114768888834435e-02
-1.398755700304135701e+02 9.878001990310224523e-01 -1.890746109100082117e-01
-1.892451763410054753e+02 9.877562164207986939e-01 -6.257394595614024224e-02
-2.057867815636528803e+02 9.292147593443850218e-01 2.869762269848371086e-02
-2.019408846321730380e+02 9.468815916022497170e-01 2.726317598561755519e-03
-2.002524499881262443e+02 9.329365146537479392e-01 -1.961585885422720450e-03
-1.993374523542123882e+02 8.772649378157115763e-01 -3.361468600879406396e-03
-1.971807652570080336e+02 8.307523432339999347e-01 -4.649871311289764664e-03
-2.007368512924363131e+02 8.466608715753821679e-01 -1.759302038019857489e-02
-2.015885478042937962e+02 8.707311203756618045e-01 -2.776550004796993557e-02
-2.030015819001046395e+02 9.158657114967493351e-01 2.268968722092477158e-02
-2.045820160656620601e+02 9.755330547137737174e-01 1.656654011127068477e-02
-2.015563557119324116e+02 9.912113631080159415e-01 2.984524767204836670e-04
-1.881020928503763798e+02 9.751534434574208321e-01 9.786843746235650288e-02
-2.051881679458265069e+02 9.706555909280228933e-01 1.771477269258736956e-02
-2.075361602639811167e+02 9.417228016286603998e-01 4.307215889978419782e-02
-1.877878578042303275e+02 9.788930202602713626e-01 9.840139011849152739e-02
-2.069506606304173033e+02 9.685535938515994481e-01 3.655935146267129399e-02
-2.019624795158970869e+02 9.954899135219736905e-01 8.025363805372253898e-03
-1.936591098046754382e+02 9.900175220986825453e-01 8.134375081450785638e-02
-2.047951519747171290e+02 9.563828399719354056e-01 6.096924653788955706e-02
-2.068122409269592765e+02 9.645245145047846025e-01 4.737537784242079608e-02
-2.023755328048768263e+02 9.265230943762853277e-01 7.622517133297064887e-03
-2.039752705210685804e+02 9.454991882486577515e-01 1.001221553815892854e-02
-2.034372582389269439e+02 9.870343926486147001e-01 3.612838391087146855e-02
-2.061197378712768398e+02 9.736657388057632367e-01 3.092687400162872843e-02
-2.039675836452926774e+02 9.763999174565421990e-01 5.335400339996273361e-02
-1.861971056090569050e+02 8.770208603266071989e-01 9.342038244552512694e-02
-1.838575232715634797e+02 8.105488135320720877e-01 9.350390881839520940e-02
-1.867394845520253739e+02 8.168116544718619920e-01 6.607303310591598755e-02
-1.941905272705212724e+02 7.895099406828717248e-01 6.277298509504503424e-03
-1.966010135345228207e+02 7.713809775802664692e-01 2.208640152696945969e-02
-1.921865258514574180e+02 8.475948051762070001e-01 1.982412838008331887e-02
-1.941954922079760877e+02 8.013251562008092410e-01 -3.247271127290916447e-03
-1.991745665561101077e+02 9.034206445263457397e-01 -9.097361101627206639e-03
-2.069029113499526602e+02 9.384852848825490090e-01 2.789847423000247142e-02
-2.039992929905194217e+02 9.539498397460487444e-01 9.545914424751729410e-03
-2.080547853810886636e+02 9.531576816135420849e-01 3.446946961755888161e-02
-2.022158532834221489e+02 9.516102069112013506e-01 3.355402594139939021e-03
-2.012165587200775292e+02 9.077555784419779616e-01 3.115137387129193053e-02
-1.998278311369172684e+02 9.814990880944419738e-01 -8.346894172488211749e-03
-1.904298365791137542e+02 9.739071297085131196e-01 -4.218555949272734251e-02
-2.029303590647671740e+02 9.894164629595347815e-01 3.507003192665725244e-02
-1.929896192298270137e+02 9.847060488800571942e-01 -4.158060494916851479e-02
-1.915609153256221759e+02 9.336187507086305404e-01 -3.082173320169299957e-02
-1.995798565095071240e+02 9.067688833775582324e-01 -4.467393586474291065e-03
-1.991587423164775430e+02 8.319369176157187518e-01 -1.792317505747770962e-02
-1.851316258850527845e+02 8.243012280885714249e-01 -8.015644809717500929e-02
-1.935628746668084830e+02 8.411370230952596172e-01 -6.765712693955878987e-02
-1.941905898038215241e+02 8.149953694751894684e-01 1.065574957092900107e-02
-1.969079474578264524e+02 8.193299607407558138e-01 -1.518040267803918292e-02
-1.947740731449025589e+02 7.746939553118975530e-01 1.149244535558753035e-02
-1.934108681837348911e+02 8.045698796656526319e-01 2.762507919052409333e-02
-1.952403454238312577e+02 8.107044812603919626e-01 -6.280430524384615631e-03
-1.887445564403379876e+02 8.536795923552122911e-01 3.575666901477528303e-02
-1.997239131998909158e+02 8.382533169685237873e-01 -1.588535510425916758e-02
-1.752811996148001299e+02 8.226566673510102845e-01 -9.887041406816067524e-02
-1.939503384906328165e+02 8.262576903355589586e-01 -5.872723955681584396e-02
-1.988171262216256423e+02 8.305800287093695333e-01 -1.646706827023994291e-02
-2.000050970507888906e+02 8.797582341404042161e-01 -9.243123460496660559e-03
-1.903624658009617576e+02 8.792500829508753668e-01 -7.408592039929606798e-02
-2.054403890033295852e+02 9.266432844527767720e-01 4.034315865272058987e-02
-1.953486295312399932e+02 9.128671803523999984e-01 7.528236532034575379e-02
-2.068690408715645788e+02 9.344724134624363687e-01 3.840447737833697917e-02
-2.074686947236776859e+02 9.611856494647238458e-01 3.012637516940036564e-02
-1.855088530110659804e+02 9.938089981108866322e-01 1.039469405002899915e-01
-1.817106636579107146e+02 9.725206758544349128e-01 1.102139080643436131e-01
-1.981362857117256624e+02 9.972800392388615487e-01 5.637698260438230025e-02
-2.068255742271616953e+02 9.600712530177745174e-01 2.369313799001337290e-02
-2.055662441689095203e+02 9.550261052979904797e-01 1.601384550806859638e-02
-2.043362811217517958e+02 9.716208497006932898e-01 1.314730780925634640e-02
-2.065020627029145146e+02 9.635799651625142070e-01 2.283913687795934705e-02
-2.078030835880854568e+02 9.435524102417922609e-01 4.052128104374853879e-02
-1.939462056712427511e+02 9.423619192824667090e-01 -2.156898533777935542e-02
-1.929027451650367198e+02 8.966444652523494208e-01 6.938539718776214060e-02
-2.005211071843634727e+02 8.409551295121133752e-01 -2.000563280910976072e-02
-1.988786674640839465e+02 8.285678200149928507e-01 -2.122020776668329806e-02
-1.926193488010657120e+02 8.059813249767587839e-01 -3.435849289580098637e-02
-1.974516847718559234e+02 7.744076266020482047e-01 3.875192183663248024e-02
-1.977949586554601069e+02 7.688853203244480072e-01 3.317110147659031033e-02
-1.814913879006137734e+02 7.822074221494270674e-01 9.909397988557333559e-02
-1.674241995624043966e+02 7.563528642902865862e-01 1.226647055161955852e-01
-1.825408958712268372e+02 8.250221207635879406e-01 1.112844959799510203e-01
-1.957866006639108321e+02 8.805194739261470449e-01 2.122939318280706034e-02
-1.875279481186061901e+02 8.456331864431270162e-01 3.988923889145362667e-02
-1.964876013322181336e+02 7.530774002080899976e-01 5.624793448620419439e-02
-1.847958167713595401e+02 8.287861098433043638e-01 7.260998166180991642e-02
-1.923091666996562878e+02 8.493908788326637316e-01 1.967839494263701541e-02
-2.006393717975881543e+02 8.629555482180225612e-01 -4.691891239888652809e-02
-1.843437175014842069e+02 7.940393143530336539e-01 -5.579504413113486883e-02
-1.904639838431780561e+02 8.193308855204185503e-01 -6.392778751388744629e-02
-2.019454653187253257e+02 8.627838195396778653e-01 -2.528839461495496072e-02
-1.962278933184030905e+02 8.226072143949518800e-01 -3.086710856292956134e-03
-1.959191759409601445e+02 7.659703767464363100e-01 1.774955527012676837e-02
-1.968106854955028950e+02 7.476445481518089187e-01 2.851986123836679904e-02
-1.967966907288714822e+02 7.750962759747413999e-01 4.832362622315143630e-02
-1.938367203974630684e+02 8.673595515650553978e-01 2.032692964367361840e-02
-1.881778726650222495e+02 7.839251586048150422e-01 -2.299412379972647080e-02
-1.959430938737912129e+02 8.164009908468554677e-01 -6.528096106267940353e-03
-1.952604045966805018e+02 8.165554123607624559e-01 -3.937948619662928057e-02
-1.968770739906292988e+02 8.183491356611484191e-01 -2.092609765896377011e-02
-1.970559569190035631e+02 8.206219525594846687e-01 -3.310208868893378675e-02
-2.006995297961828157e+02 8.506612329449331211e-01 -4.690281093132910029e-02
-1.916953122320952048e+02 8.494901635432418052e-01 -7.350118842813856135e-02
-1.838845997296506880e+02 8.329507640380362510e-01 -8.524605365326252959e-02
-1.762773625693535280e+02 7.689398602079217104e-01 -5.765743707586803990e-02
-1.918260138402341113e+02 7.442799816435061722e-01 7.399416448091153398e-03
-1.981424571499187550e+02 7.637682400266773142e-01 3.660224759456496418e-02
-1.945912523743297129e+02 8.051029975533099403e-01 -7.949195735994073891e-04
-2.014603019622408056e+02 8.646209023915712999e-01 -4.048921459429856429e-02
-1.996505046730723336e+02 8.701096012158970883e-01 -4.876634106161279597e-02
-1.994838248554551114e+02 8.404308735258239071e-01 -1.279510732574101056e-02
-2.011434707849242614e+02 8.410210281714820546e-01 -3.282115653926870324e-02
-1.922757401967722330e+02 8.221578334926867848e-01 2.127138252242097294e-02
-1.837407666800775985e+02 7.646310412934431699e-01 9.238845118206848173e-02
-1.946633456640285829e+02 7.955382162318268557e-01 2.905991635110419247e-02
-1.879774974868056461e+02 7.798216073819819183e-01 8.227168747171274832e-02
-1.979407161711996537e+02 7.519218252049219009e-01 3.885179445034168955e-02
-1.895962511145218343e+02 7.386756972685175615e-01 1.911744589733451035e-03
-1.808363630905350306e+02 7.854695509395457353e-01 -5.857128227648110419e-02
-1.895299432807512972e+02 8.178879010673585359e-01 -6.552513965403602980e-02
-1.979383313587217685e+02 8.696277357833123167e-01 -5.607516963509828756e-02
-1.936279280679249837e+02 8.476913831518507747e-01 -6.903951995745087611e-02
-2.010606469452909550e+02 8.460287555363068535e-01 -4.225520882545588663e-02
-1.999786771094906044e+02 8.777719071570777576e-01 -4.010500144177830267e-02
-1.975460262243671252e+02 9.057775558386463866e-01 5.844658368535399218e-02
-2.012461461566001617e+02 9.887582480071518409e-01 5.200534576951690302e-02
-1.997464268470710351e+02 9.996500722307174458e-01 4.080256919298966278e-02
-2.009503647627464034e+02 9.980276680286684909e-01 -8.904642942495148705e-03
-2.076262277563555472e+02 9.505689409261877110e-01 2.852998189417086522e-02
-2.016523698194995404e+02 9.777925043825554940e-01 6.252431307619131517e-02
-2.020425353587329766e+02 9.916568258979717720e-01 3.948201461629016057e-02
-2.039352429908518047e+02 9.385091092313729844e-01 6.190293144452663210e-02
-1.926265977570067776e+02 8.927530629447046895e-01 6.483695102432780744e-02
-2.028814984220885833e+02 9.154761850774687515e-01 3.901433752041805203e-02
-2.029757528212270188e+02 9.711118667641273072e-01 6.205480491397979276e-02
-1.992239350927164878e+02 9.720687524513598188e-01 7.327515699894737722e-02
-1.931122725835836889e+02 8.946180813230297790e-01 6.505447876435951904e-02
-2.042429622208825890e+02 9.239971340805459565e-01 4.763895988452650915e-02
-2.000030816000619893e+02 9.283074614207809105e-01 -2.648301170861819091e-03
-1.933821525303737587e+02 9.850327391745195005e-01 -4.015518780282447547e-02
-2.034284392365452163e+02 9.669196984805644712e-01 7.897745923144560212e-03
-2.079632738985757499e+02 9.532083835119015136e-01 4.294370574386214418e-02
-2.045992426413968133e+02 9.808976818457083580e-01 4.019640464544158714e-02
-2.033731602057275154e+02 9.884357958576824865e-01 2.421706060944669656e-02
-1.968197955191681672e+02 9.705207359914483911e-01 7.977218510852771005e-02
-2.055615982372308679e+02 9.266711961275252429e-01 3.639939900923018501e-02
-2.023722422266455396e+02 9.743749153927057094e-01 4.039108751125678604e-03
-2.010539409389526213e+02 9.992124467768086493e-01 -8.716081827758024106e-03
-1.978827738443338546e+02 9.640759448924848263e-01 -1.144551096628440047e-02
-2.062379531959423389e+02 9.667787910940141005e-01 2.267380448069910778e-02
-2.071081728279427807e+02 9.403809592108282045e-01 2.823599327722596183e-02
-1.913791629003444257e+02 9.992244518800699193e-01 8.439401457783771154e-02
-1.564285050672655473e+02 9.520719836138215042e-01 1.616448313320396901e-01
-1.507538508745421098e+02 9.957213512174644121e-01 1.922695182612812470e-01
-1.946817390195737687e+02 9.676581511885514741e-01 -2.277984983863481222e-02
-2.061050101394271223e+02 9.346663188507761122e-01 2.439677104122112486e-02
-1.977230897507158431e+02 9.111785954790945219e-01 6.492712441697065517e-02
-1.960222914301903074e+02 8.878953076382835041e-01 3.058578389445891499e-02
-1.950797064392713196e+02 9.771313838209270131e-01 -2.599576062983077751e-02
-1.998528083606507266e+02 9.787651166809482328e-01 -7.465386573488148533e-03
-2.073874498276871634e+02 9.403219968124936212e-01 3.166938844250059837e-02
-1.841577799595607416e+02 8.389417202420140773e-01 8.906715598478759377e-02
-1.842136584271913193e+02 8.433898712754548388e-01 7.369066288473186122e-02
-1.941440193610812628e+02 8.191520719494131964e-01 1.062043219335399337e-02
-1.923526694893089370e+02 7.825582055512437796e-01 -2.626548991135653835e-03
-1.860509654424812709e+02 7.752969344513188643e-01 -2.345955017974330967e-02
-1.967605888970585113e+02 7.751303350628240274e-01 2.481663952275598578e-02
-1.807438418287456159e+02 7.538880212997519648e-01 -2.857646554222091975e-02
-1.926932557630543101e+02 7.834306162401835083e-01 -1.301109799632799158e-03
-1.974111854134556268e+02 7.466413985361599615e-01 3.730953363678468637e-02
-1.967009784725347288e+02 7.641104436985277637e-01 2.216507564814390596e-02
-1.937992752801831671e+02 7.778092015149145055e-01 6.170717095068591063e-03
-1.897914231216844314e+02 7.751980216370267796e-01 -9.642137235024855757e-03
-1.956318523137427121e+02 7.887190161510415631e-01 3.082504577370397819e-02
-1.972695569705449827e+02 7.465311765022439872e-01 4.565972793274478136e-02
-1.772272983251104392e+02 7.435210928549135234e-01 1.023524800232381432e-01
-1.806077211542245209e+02 7.809612960534301207e-01 1.010442651488175497e-01
-1.933076910407346247e+02 7.638591866535352493e-01 6.907858830935859062e-02
-1.936942507160613900e+02 7.368570657263110446e-01 1.869726305812122180e-02
-1.980884846666085934e+02 7.543334631736686724e-01 3.910578788516795579e-02
-1.981045640838287056e+02 8.293751830114167722e-01 -1.171496949855614471e-02
-1.969663359760255901e+02 8.187394416052365953e-01 -2.221361421127008781e-02
-2.001258369954798582e+02 8.442301808623502435e-01 -4.720722396698750351e-02
-1.960256356670216178e+02 8.182119071810388666e-01 -5.055530239526085517e-03
-1.916699509017105640e+02 8.236788774175790584e-01 2.401574514681856579e-02
-1.965114634313943895e+02 7.805385990588922240e-01 4.272838510220533514e-02
-1.958541930805747882e+02 7.867378751026493644e-01 2.709815718278637403e-02
-1.988231830705271932e+02 8.352709914668488000e-01 -1.191168039070962179e-02
-1.871408876666909009e+02 9.114851934441273729e-01 -6.619584612468577822e-02
-1.981314324919016485e+02 8.869590110423095641e-01 -4.120211259983876106e-02
-1.976471226701611101e+02 8.836277706997160974e-01 -4.782276930310273150e-02
-2.013026328282393251e+02 8.730838769249054110e-01 -2.322593824531194590e-02
-1.900206703834593895e+02 8.959166613568314563e-01 -6.731515476369585860e-02
-1.954273838824241523e+02 9.044154031495625912e-01 -3.460046544165338439e-02
-2.080759714839111894e+02 9.536790713248463058e-01 4.026521948354539610e-02
-2.019802580468061706e+02 9.335553972861994065e-01 6.635212419083755253e-02
-1.878968003685300800e+02 9.144660240762783054e-01 -5.988730217951786228e-02
-1.910006661773617509e+02 8.953073747072185506e-01 -6.434736486088753205e-02
-1.886837092353717367e+02 8.428435173194841479e-01 -7.842297310342294381e-02
-1.969195826520133323e+02 8.687416822514174575e-01 -5.977849658687642981e-02
-1.934911978969778090e+02 8.793184109685030503e-01 -6.588731424442009765e-02
-1.948333906171068861e+02 8.940922210065714859e-01 -5.018989511871287112e-02
-2.002198868829924265e+02 8.656760082742982476e-01 -1.015167979705998598e-02
-1.938466277625022087e+02 8.287038566912806603e-01 1.193804639444629237e-02
-1.997250288051102984e+02 8.897415716976365685e-01 -9.372725584356544209e-03
-2.053128018826255641e+02 9.268469291570995416e-01 2.743258956807580889e-02
-1.813928253001415669e+02 9.177136975229711613e-01 1.116049090811164490e-01
-1.988480519072981281e+02 9.619735095780959089e-01 -8.077535003700170649e-03
-2.041742382118482908e+02 9.302953174203113518e-01 5.602811221219831245e-02
-1.993012906209383459e+02 8.974120576538222593e-01 1.941056583849324821e-02
-1.918951273414800482e+02 8.727003558815945583e-01 3.400959723961836240e-02
-2.025745516076059118e+02 9.146057646039342792e-01 4.015972429409216116e-02
-2.020014404539213331e+02 9.340312702187524296e-01 4.294311637574699074e-03
-2.074173432940984583e+02 9.460558561020760981e-01 4.769579451886236943e-02
-2.022837267849363059e+02 9.287599698265129877e-01 6.272885592696483825e-02
-2.012249807361842500e+02 9.076078781957938046e-01 2.986657578037273109e-02
-1.935194560424136796e+02 8.057657157242188450e-01 2.423242791498732979e-02
-1.956880661648930868e+02 7.466296997087308318e-01 5.752220614735253923e-02
-1.852621195181855285e+02 7.281523135349076137e-01 8.130211152332209035e-02
-1.699434619997885818e+02 7.861750908705140706e-01 1.291031312677812792e-01
-1.694275106621847726e+02 7.068824393138705142e-01 1.196275588639474502e-01
-1.713682882308424666e+02 7.148090831812088375e-01 1.129225137256838069e-01
-1.668412451323571588e+02 7.182155957489062548e-01 1.240243791974648402e-01
-1.959996539165634033e+02 7.396376258990797758e-01 4.867241107086400093e-02
-1.788472359489915391e+02 7.542230712955066974e-01 1.007495930909216297e-01
-1.824498462023089189e+02 8.085227802749409554e-01 1.011197012860369226e-01
-1.867981668961660944e+02 7.647835848660595737e-01 8.582810250997259527e-02
-1.956333711458848370e+02 7.559706270310903031e-01 6.077845894438230201e-02
-1.923377259379872157e+02 7.725013119099777281e-01 7.082354598969320403e-02
-2.004448716597264593e+02 8.792594335848329390e-01 -1.474009207276679584e-02
-2.019010387768870771e+02 8.571273239782080111e-01 -2.395407674894921290e-02
-2.002716060907445694e+02 8.794918520609583679e-01 -3.473489876672362919e-02
-2.021747762888121827e+02 8.566094641568189338e-01 -2.976640333468126218e-02
-1.970881563362502789e+02 8.872213709893199685e-01 2.122108947596880804e-02
-1.990193287529535269e+02 8.706567296353092678e-01 -2.557717643032514105e-03
-1.978013027078955304e+02 8.389122563104763897e-01 -4.464253694334028265e-03
-2.009402946119152489e+02 8.615131743656417873e-01 -1.504542540983534911e-02
-2.033780419052062882e+02 9.881561376366414517e-01 3.137589017906679961e-02
-1.934351195388028088e+02 9.463872695591225570e-01 8.835482345765931222e-02
-1.990534956935431694e+02 9.027668567344280248e-01 4.127019632749601152e-02
-2.046039236166594435e+02 9.792327919687440207e-01 2.030419527500534893e-02
-2.053666744962966959e+02 9.679451183803542413e-01 1.754057826401428030e-02
-2.023684381331477482e+02 9.327843752720881287e-01 6.474211806230448230e-02
-2.052551468869877169e+02 9.469134528426835784e-01 1.504496468965880844e-02
-2.055718373706186242e+02 9.351519897231981293e-01 2.032903464458764645e-02
-2.003943922891273814e+02 9.304458564074886695e-01 6.978062623780528773e-02
-2.009691943973536183e+02 8.771617226707597581e-01 -2.500327472988301061e-02
-2.012697877596964986e+02 9.414767557119819719e-01 9.098869100885935120e-04
-2.046039512328284218e+02 9.293385313140394288e-01 5.284251689198967566e-02
-2.071311132833397721e+02 9.468519958258557745e-01 2.519984079267047553e-02
-2.078632238806841883e+02 9.505812035463864218e-01 3.113975066135307029e-02
-2.072914422098329794e+02 9.658151525447845609e-01 3.607074008121104874e-02
-2.041803695052938110e+02 9.203105688376614912e-01 2.922729892558036113e-02
-1.935320163250951282e+02 8.652745867779011446e-01 2.046240985420288289e-02
-2.024690078822281407e+02 9.591763763062373105e-01 3.976061262681023119e-03
-2.017465641494634383e+02 9.939044320776800889e-01 2.813382261387771359e-03
-2.060144903359109776e+02 9.348407056209904198e-01 4.985796232512744453e-02
-2.072118876515301906e+02 9.635685438873168307e-01 2.916573882071315377e-02
-2.027130461712370959e+02 9.773085752065199250e-01 5.858061112626990197e-02
-1.801739934712157947e+02 9.539919235644132023e-01 1.117097740686272128e-01
-1.627435582920099080e+02 8.836627545633493064e-01 1.741936577718466717e-01
-1.841833581116458447e+02 8.833782442533631984e-01 1.103604760851577826e-01
-1.852075812539598871e+02 8.812978938842096488e-01 1.041127458852898063e-01
-1.854653133703812387e+02 8.653668583578347784e-01 8.784464635209610073e-02
-1.646687651206987368e+02 9.158232362682769967e-01 1.512260953175592615e-01
-1.819606880238288511e+02 8.058103962960525557e-01 1.025674004285112573e-01
-1.861049320691708999e+02 7.879985401694080682e-01 8.658894515466707131e-02
-1.936582364435867589e+02 7.833860108222241436e-01 6.060386547109271327e-02
-1.883126523072904206e+02 8.124248592315543860e-01 5.913934967126321940e-02
-1.968979486216529722e+02 8.892075495334978985e-01 2.624526353717665517e-02
-1.962386477328850276e+02 8.872871422780298500e-01 2.783967415601124040e-02
-1.938428584513076487e+02 8.817315091744772904e-01 3.476964828387125311e-02
-2.017839365443446411e+02 9.154047838650144486e-01 1.000777389517936398e-02
-2.054619892009646378e+02 9.296741812435926899e-01 2.429086395185741862e-02
-1.960556968962216615e+02 9.579731733340681732e-01 8.317894541370801642e-02
-2.066218656254044106e+02 9.340066427165114593e-01 3.074156235337767093e-02
-1.972299176870568829e+02 9.655490437570900530e-01 7.982691907424734057e-02
-2.048068407423400572e+02 9.737523923121590430e-01 1.697733507479583931e-02
-1.990858311698845000e+02 9.654551326292447611e-01 7.549948089196401035e-02
-2.054052004080824361e+02 9.701222643290301484e-01 1.883248522281200099e-02
-2.043711069829153644e+02 9.732460347028996095e-01 5.447141848175984097e-02
-2.076701071775226808e+02 9.509928536833210932e-01 2.891932403150157538e-02
-2.028481891266271475e+02 9.228440937213824302e-01 1.187000204881070130e-02
-1.855330134563566844e+02 9.527565962434241253e-01 1.025548172815648890e-01
-2.029029413047223898e+02 9.515034581553937221e-01 6.733863510927617924e-02
-2.054443199764672272e+02 9.310517210854505343e-01 2.260209557377037409e-02
-1.915212686567202525e+02 9.273638001950554877e-01 9.031031952213378067e-02
-1.977428012248221307e+02 9.070973866101375016e-01 5.947502129715417918e-02
-1.941660845201271286e+02 8.916317389389198933e-01 5.231183293589297678e-02
-1.992967767083575836e+02 8.495752265348375243e-01 -8.171414359078411210e-03
-1.828871640680899304e+02 9.090854222304649568e-01 -8.554234018952933116e-02
-1.971652839721731141e+02 8.236045487444852986e-01 -4.015533534086314360e-02
-1.862737667995094739e+02 8.909159340637740065e-01 -8.082547690888604308e-02
-1.908638316292643538e+02 8.982233445325412680e-01 -6.253533007071684913e-02
-1.833690789580109310e+02 8.319820250645995063e-01 -8.596821366242991813e-02
-1.962298963644321361e+02 8.369352877956218739e-01 -5.866545943622869519e-02
-1.997643313222897348e+02 8.575218065998454486e-01 -5.201212407179309216e-02
-1.787739640355796098e+02 8.159699704012665089e-01 -9.066706609646899007e-02
-1.963194299434131835e+02 8.297505163094051062e-01 -5.319111780822127072e-02
-1.983098490607678173e+02 8.519625788054852045e-01 -3.053170560553600515e-03
-1.943239155173032202e+02 8.958625042177058573e-01 -5.058744740168548415e-02
-2.027972204510174379e+02 9.164229904714369379e-01 1.834275530201675761e-02
-1.962188244047708565e+02 8.930644262462150706e-01 4.032816561512719139e-02
-1.991243896746923667e+02 9.064813434210818865e-01 5.004191137254904165e-02
-1.965414447852518833e+02 9.404336373894006673e-01 -1.380747599178217683e-02
-2.027778228132664253e+02 9.864852015732550328e-01 9.961869361748183424e-03
-2.055745456175252173e+02 9.684885645288408007e-01 1.906139009341606058e-02
-2.036382437083798607e+02 9.704040049070304930e-01 5.994711685444367721e-02
-1.910565575721232676e+02 9.805237837858721273e-01 9.101821317840078085e-02
-1.924470261144026892e+02 9.883806688836348497e-01 8.559770042608305651e-02
-2.033763873681492385e+02 9.702117166962319628e-01 8.091765122563314427e-03
-2.025835586245909781e+02 9.913239818258221536e-01 1.334978108458673152e-02
-2.053504984579313373e+02 9.509767435045035633e-01 1.509156819958932735e-02
-2.003948688316544917e+02 8.821904350340975531e-01 -2.493092362213238794e-02
-1.961003716930673875e+02 8.147244257130827894e-01 -1.921726135059804996e-02
-2.007566512609024585e+02 8.701288013906185448e-01 -4.218303600510630441e-02
-2.018597582523840686e+02 8.558859536048744054e-01 -2.367420875743261530e-02
-1.936470270687572679e+02 8.025756278511692043e-01 -1.577592506799288530e-02
-2.002993349732542754e+02 8.629306963814132869e-01 -1.082587136573887401e-02
-2.003311233623138037e+02 8.741597027614634863e-01 -1.130190482247153856e-02
-1.946871047455176722e+02 8.920547592646592694e-01 4.953095921218331893e-02
-1.848930912146069829e+02 8.285089368918724384e-01 7.127518547822497830e-02
-1.840189292524957807e+02 8.250280823551773279e-01 9.191041274145253515e-02
-1.791616136088179019e+02 8.263306693613028386e-01 1.332341585214302238e-01
-1.867174417872253969e+02 8.792970929281399561e-01 8.983890205768620130e-02
-2.062674462030707048e+02 9.393585524238411422e-01 2.235022247272494891e-02
-2.018436742728463855e+02 8.611969998927632153e-01 -2.322722083437248411e-02
-1.870498029932954012e+02 8.086725034514538057e-01 -6.465479589989039932e-02
-2.010955071860136627e+02 8.574903964044534588e-01 -4.536688982053092845e-02
-1.968333066568485776e+02 9.066606529692057270e-01 -2.406975175674299153e-02
-1.993689388428593077e+02 9.829502706995290051e-01 -1.106096641609282706e-02
-2.008510357244065005e+02 9.927896434201148868e-01 4.726382743345539095e-02
-2.035182791980624302e+02 9.247199578000914189e-01 1.474110111859829736e-02
-1.977000263269466132e+02 9.287479764761433776e-01 7.643986923928364208e-02
-1.985736624347153736e+02 9.544731188804073119e-01 7.801054484456454441e-02
-2.012516696321392544e+02 9.092213799699143673e-01 3.783214671236736354e-02
-2.002705187685495503e+02 9.098942690808038414e-01 4.922049221914983480e-02
-2.027177410065103231e+02 9.226601173736069805e-01 1.119587981284237733e-02
-1.996456191678588823e+02 9.133123227432983215e-01 -3.895670330820272600e-03
-2.034302400050797814e+02 9.863735953405329271e-01 1.745127778193449053e-02
-2.048702677005671262e+02 9.788106844504432802e-01 2.272735501855736862e-02
-2.021334264738502782e+02 9.179512149339039695e-01 5.199807876690540343e-02
-2.013483598311582341e+02 9.101386337320711561e-01 3.999223589968282921e-02
-2.074668693733588043e+02 9.624165134679248945e-01 3.142644472978912279e-02
-1.989681967675658427e+02 9.244248733422149034e-01 -6.687570078127371212e-03
-2.015177799706161750e+02 9.468615875921615466e-01 7.089235547263091075e-02
-2.069392991826405819e+02 9.395831334599549223e-01 4.741479070990741590e-02
-1.963284714331684313e+02 8.970066396868859870e-01 4.884722494394399400e-02
-1.943816387865177830e+02 8.890790578634486518e-01 4.515773007333168110e-02
-1.934819009868558624e+02 9.031128548459382843e-01 7.425358017417456324e-02
-1.996664121907367644e+02 9.459450688102426508e-01 7.536402650878609721e-02
-2.061081204052203191e+02 9.701921160491522311e-01 4.664018354384762144e-02
-1.947934473169379146e+02 9.347168452265508520e-01 8.457668372539024759e-02
-2.043086731336845787e+02 9.770957259179543497e-01 5.044868585645458092e-02
-1.990453696991874892e+02 9.854052369035372072e-01 -1.386532987988064666e-02
-2.019699444026204560e+02 9.892375025334479988e-01 4.611288633551607896e-02
-2.027471841324339721e+02 9.915611550221720139e-01 2.740133997235627561e-02
-1.924539962043682522e+02 9.666640514144620999e-01 -2.996456539568949362e-02
-2.025910164396583184e+02 9.889591291956255636e-01 4.111629766611637343e-02
-2.070617909489081683e+02 9.498119531636877166e-01 5.111661719268667525e-02
-2.051555421643439558e+02 9.794516235565156048e-01 3.208556135467516973e-02
-2.025224228508008366e+02 9.388677355187668994e-01 5.508137124398437487e-03
-2.001982577230392337e+02 9.031313947989237922e-01 2.742422877919967195e-02
-2.013499514673398210e+02 8.729933805239316058e-01 -3.053385702832062815e-02
-1.584530635650166914e+02 8.143589495865459771e-01 -1.308476988070418623e-01
-1.564015571105000504e+02 7.410255056912615768e-01 -1.501392727436464958e-01
-1.672703195188156542e+02 7.269780298829590093e-01 -9.869550849575987883e-02
-1.715710940231408870e+02 7.007286635880599635e-01 -7.764793233105438119e-02
-1.658003705756838428e+02 6.291921412112889689e-01 -8.263288188173077697e-02
-1.969336465489004979e+02 7.476791417506191140e-01 2.949273278119597663e-02
-1.968461702809426583e+02 7.437842074779534851e-01 4.661270679652845805e-02
-1.935695534472449424e+02 7.308237546093322434e-01 5.300718025023986452e-02
-1.900619980743570636e+02 7.341235370766719948e-01 7.102169285680021149e-02
-1.951218745488145885e+02 7.416068603185715924e-01 2.246258346632103164e-02
-1.947366453248949085e+02 7.960409960160027554e-01 1.955715680416673236e-02
-1.858736727281666674e+02 7.495974427160815301e-01 -1.213304431447486710e-02
-1.957486182363267062e+02 7.365370051165646137e-01 4.390955836289035796e-02
-1.975875880171709298e+02 7.673659257661655797e-01 4.781681336246122044e-02
-1.859088368265780105e+02 8.525901368811826808e-01 5.232334005677555244e-02
-1.899948528858960515e+02 8.741946246175913426e-01 4.746877279395074478e-02
-1.860679483993243082e+02 8.720795407515790076e-01 8.862545475251620841e-02
-1.833993435254954534e+02 8.621339691213372181e-01 1.246601298688679860e-01
-1.812727843675962163e+02 7.913806522596269488e-01 1.012214647578536936e-01
-1.964072712584012095e+02 7.394993897217413403e-01 4.003480795830685612e-02
-1.941411255376544034e+02 7.890475876927067755e-01 5.153085651045799520e-02
-1.970179049587392228e+02 7.606576635934675368e-01 5.422051793573667150e-02
-1.928258020542572240e+02 8.257210206309533174e-01 1.727687996423607833e-02
-1.709746008606526857e+02 7.497011058765186142e-01 1.148027006936498950e-01
-1.951313577576140403e+02 7.839936241169382924e-01 1.426056938601487530e-02
-1.648703942947605015e+02 8.044088316425623830e-01 -1.201172486944198647e-01
-1.530698192718969324e+02 7.758503478296405742e-01 -1.572605666715738426e-01
-1.425505120216301975e+02 7.804930863986058176e-01 -1.747035430246222931e-01
-1.710069441946019424e+02 7.759471753026707663e-01 -1.018503663636414897e-01
-1.996920034651243725e+02 8.460412461964564868e-01 -1.136191310647764394e-02
-2.013584178982601998e+02 8.453658952338904964e-01 -2.440435654643191912e-02
-1.948302384256996902e+02 8.104927361761382620e-01 -2.588134245397888389e-02
-1.891559730168400506e+02 8.117452304139461949e-01 -6.077070109095410178e-02
-1.965535885059680936e+02 8.452571539982042248e-01 2.671903161589588710e-03
-1.937384545561858715e+02 8.694830960417850862e-01 -6.836248579132819803e-02
-1.957527181942113259e+02 9.002031706404216571e-01 -3.796326869081892430e-02
-2.047179841390688182e+02 9.712946638266363175e-01 1.516356644582900551e-02
-2.054424397481532480e+02 9.529883069038934673e-01 1.543311366010600635e-02
-2.034216757717543089e+02 9.182656050171046358e-01 2.226406567831935857e-02
-1.893654764015458625e+02 8.730393384047617777e-01 5.002348725913917382e-02
-1.979482357472184333e+02 8.997623987294262049e-01 4.293234629667614516e-02
-1.920200249647588464e+02 9.009452978835508219e-01 7.843982520233440392e-02
-1.838480103069720712e+02 9.216811516864158449e-01 1.059679806622856602e-01
-2.009578698622836725e+02 9.412529003389242810e-01 7.156231639521214161e-02
-2.077749949644686751e+02 9.426179575901264540e-01 3.854285210545971979e-02
-2.063329239939290858e+02 9.672922036980601268e-01 4.837670005404485357e-02
-2.064847715840718649e+02 9.637291854710071659e-01 2.278771082752097804e-02
-2.069215243001997067e+02 9.501376598494727377e-01 5.198886795020007251e-02
-2.009230998181906500e+02 9.140960061367918721e-01 4.336262784574492629e-03
-1.966228301184738996e+02 9.281937920860285907e-01 -1.488587681096756668e-02
-1.755715006770189177e+02 9.129740315879524282e-01 -1.123769173405171490e-01
-1.800956390110866039e+02 9.739709513123112616e-01 -1.015348090377042323e-01
-1.907339790915406468e+02 9.744950125234798088e-01 9.248849064773630169e-02
-1.918205857757037336e+02 9.812804440464630851e-01 8.908999750415666496e-02
-2.016401752155802001e+02 9.678600243466656261e-01 6.797037216935293558e-02
-2.009121998880160618e+02 9.405927535814028184e-01 7.155110960870901538e-02
-2.011976527249138940e+02 8.732300641742666292e-01 -2.107851468261958544e-02
-2.006057532486714479e+02 8.531555977210525388e-01 -1.424669873059679695e-02
-2.013785244534944070e+02 8.452444054107278726e-01 -3.825237185597875345e-02
-2.010875747018110928e+02 8.437132495228177875e-01 -2.292734116151204024e-02
-2.018031694342236904e+02 8.562920735392264282e-01 -2.290828332523436178e-02
-1.947027350542993815e+02 8.431198046471157781e-01 -6.543444305920123605e-02
-2.001532884863252946e+02 8.619127402159668661e-01 -4.968522210117248816e-02
-1.840668803682864052e+02 9.049551103970213672e-01 -8.267953481383776004e-02
-1.871638518718921205e+02 9.133671355422141591e-01 -6.438210088983478685e-02
-1.815195084933959606e+02 8.987676251480249956e-01 -9.197657493625815972e-02
-1.967968548122818504e+02 8.912883443223055258e-01 -4.358960162292400964e-02
-1.938973661360901417e+02 8.382242575368079596e-01 1.211756862872902588e-02
-1.881031380459485547e+02 8.465688009726766161e-01 -8.012176596686079733e-02
-1.802012660905765529e+02 8.068053786123874360e-01 -8.350511703955315612e-02
-1.910856215944862697e+02 8.232131090438622456e-01 -6.513812153736077415e-02
-2.015031269365682363e+02 8.687452121384090509e-01 -3.625198984299407567e-02
-1.944277551325428419e+02 8.806394223310488600e-01 2.952536816776583223e-02
-2.014665009073407589e+02 9.991411945691445196e-01 -1.289026857372892708e-03
-2.059124120927802437e+02 9.723908502448251889e-01 2.492252500751876432e-02
-2.075591402205423037e+02 9.449048899243429611e-01 2.968581567858453313e-02
-2.076386563767468090e+02 9.614069068909361082e-01 3.320972563069279210e-02
-1.903259733316000393e+02 9.157313047427767527e-01 -4.728501432236517643e-02
-2.058504330562624034e+02 9.282759648162579591e-01 3.373092552421336210e-02
-1.908075814187207584e+02 8.283230884632247770e-01 2.668616206930943258e-02
-1.923634001137199903e+02 8.004811205970890908e-01 -2.361657928988953464e-02
-1.944599143241990191e+02 8.066970354762638129e-01 8.059937638254903447e-03
-1.986430791862443641e+02 8.584801234821087812e-01 -3.092206411340767559e-03
-1.933600570051663965e+02 8.217429618149743042e-01 -5.659336004071692516e-02
-1.860950758169009589e+02 8.656893557444143017e-01 -8.471183520470358663e-02
-2.002688612334673905e+02 8.386670414434692633e-01 -4.116205353751307278e-02
-1.986350217095752271e+02 8.271550939953740134e-01 -2.135209329614156520e-02
-1.921494624184785209e+02 8.303363550373344948e-01 1.974871882640399923e-02
-1.932455791507165657e+02 7.984406338778330392e-01 -1.125066951878243154e-02
-1.946821096560768183e+02 8.180609109316430150e-01 6.731611396014202525e-03
-1.989597159287045258e+02 8.897757972149490380e-01 6.886798908421797386e-03
-1.972271073898692464e+02 8.860584575653454031e-01 -4.741211548043846452e-02
-1.945883094238191120e+02 8.181825295295228617e-01 7.454195315360919935e-03
-1.995100611582951728e+02 8.908594258792786880e-01 -1.539013997005249726e-03
-2.018087990574887840e+02 9.119460960547989270e-01 1.474793043957931676e-02
-1.995784764495627428e+02 8.836915863723561193e-01 -3.475554410218234525e-02
-2.009636158166437099e+02 8.712464203261184315e-01 -1.649241260744014129e-02
-2.002115678571313140e+02 8.358984229972454827e-01 -3.668271782912050499e-02
-1.967168139559064173e+02 8.188302967303133784e-01 -3.112845332967912465e-02
-1.519859580915634751e+02 8.476869183759093707e-01 -1.381204644030850359e-01
-2.011565959279914466e+02 8.518120854854412949e-01 -4.441970375725130815e-02
-1.999298286269862786e+02 8.461988515914321551e-01 -4.924191628328741105e-02
-1.941919634259975851e+02 8.249387140439091715e-01 1.018457366140623765e-02
-1.942413498203260929e+02 8.038472035531797344e-01 1.516653032297280226e-02
-1.946602554229898487e+02 7.951359212363438012e-01 3.088254109862573205e-02
-1.951378623631511573e+02 8.188219423451127410e-01 -4.468829587899030009e-02
-1.930628108826101936e+02 8.179982830721870268e-01 -5.347629910589813546e-02
-1.876803818282372731e+02 7.910571713907951219e-01 -3.498014892583229535e-02
-2.005099702567024167e+02 8.805546772973505965e-01 -2.824302966578559615e-02
-1.987964995894841138e+02 8.670735347318833108e-01 -2.084858853347464937e-03
-1.941188003325056570e+02 8.607245493885731236e-01 1.600590696464707433e-02
-1.951354752581940488e+02 7.427766933290115281e-01 2.167256581209914962e-02
-1.930579827782107998e+02 7.472712663969667268e-01 1.064977497872839247e-02
-1.855878831907196229e+02 7.526488920450488118e-01 -1.378991654081998010e-02
-1.950918385470986038e+02 7.637619145836532786e-01 1.410186313189795877e-02
-1.979769174357692805e+02 7.526680582401648056e-01 4.208393097414177275e-02
-1.939170205358585974e+02 7.445129868859374778e-01 1.507193738796294182e-02
-1.815132928121780083e+02 7.860981125807333658e-01 -5.632824154053671373e-02
-1.942007762431856577e+02 7.801315059093580917e-01 7.899590900362386814e-03
-1.926549693458335355e+02 7.944306033391974609e-01 -1.042771775285610686e-02
-1.977016602964032757e+02 7.673970453327957353e-01 3.068904091161285194e-02
-1.921231440995240405e+02 8.300272960538532807e-01 1.992012056959831939e-02
-1.971495095990282493e+02 7.602521022138876150e-01 5.343157158005549384e-02
-1.971356092455346811e+02 7.683109818567773752e-01 5.118573254961661378e-02
-1.925898058686558443e+02 7.902193735457750945e-01 5.997035465771340806e-02
-1.930653721158553537e+02 7.727132556687457132e-01 6.835889911153460174e-02
-1.921041205892681774e+02 8.283593032392686517e-01 2.032262203960978966e-02
-1.876504356856318054e+02 8.409925938605167239e-01 3.926619685248218528e-02
-2.020259493056194344e+02 9.423495858148728255e-01 6.891034150624759935e-02
-2.036409970949091246e+02 9.182016785086251076e-01 3.778285715924353111e-02
-2.077406888338053932e+02 9.533556334961247325e-01 4.576060001089764240e-02
-2.024655314210643837e+02 9.204764884333601627e-01 5.387356143133750080e-02
-2.024085890942121750e+02 9.936934885920818417e-01 2.274972705332908157e-02
-1.986109087635970525e+02 9.040483587690375522e-01 -1.390710203235575974e-02
-1.971242375490298286e+02 8.837104355247543674e-01 1.620968295506529377e-02
-1.922415440781874452e+02 8.998011411998556586e-01 7.641104967135539661e-02
-1.814528926804601667e+02 9.148209024811763124e-01 1.119457294543274167e-01
-2.035009411842792701e+02 9.195641747291188883e-01 2.045461143476890245e-02
-2.023085951622541074e+02 9.669563467813110380e-01 3.426959464301828143e-03
-1.910388373410226279e+02 9.428136232903427949e-01 -3.070354055046243050e-02
-2.047026842131635078e+02 9.781818736965334216e-01 4.571629433420126842e-02
-2.028566620442406929e+02 9.773404840536012994e-01 6.848054484535892432e-03
-2.040986008049711415e+02 9.831026103529600935e-01 4.023007600202705564e-02
-2.074249694169191685e+02 9.588105550093941609e-01 2.808982552452485987e-02
-2.060817071348687364e+02 9.713721047156685939e-01 4.504501108738686449e-02
-2.047305239139045057e+02 9.373408371360683056e-01 5.833290047545385687e-02
-1.896951410471079384e+02 9.000933418368961547e-01 8.731810162683821541e-02
-1.847713285520856346e+02 8.543968559563118736e-01 1.066180530371949181e-01
-1.837306432386692734e+02 8.312115508264247277e-01 1.021598329218823958e-01
-1.814880499501015549e+02 8.433002437813527097e-01 1.340913478742230824e-01
-1.885515717752417402e+02 8.000389407179975265e-01 7.210724706518496785e-02
-1.935632030722581476e+02 7.939936781349180572e-01 -2.007829845836598282e-03
-1.978373367261750104e+02 7.631419544381543574e-01 4.737225313189480369e-02
-1.938043399409467611e+02 7.317239895126469440e-01 5.291866402852201529e-02
-1.966225136142814733e+02 7.505799277938201008e-01 2.527188352833454124e-02
-1.965126388232754948e+02 7.408485920950307335e-01 4.471291775135999985e-02
-1.964697047400838699e+02 7.813896439404182104e-01 2.771568677053182564e-02
-1.932416943750836538e+02 7.790670298769997171e-01 3.120522032640695408e-03
-1.974107994614474819e+02 7.478116936023967432e-01 4.568721734530509920e-02
-1.946140516078596647e+02 7.580723010180449029e-01 1.323049638520374521e-02
-1.974837674637477960e+02 7.742096806742728710e-01 3.731247627689598251e-02
-1.957969229569927165e+02 8.283087542152692828e-01 -5.390969001179345133e-02
-1.998218504307691887e+02 8.326687631116971300e-01 -3.255566591338864696e-02
-1.992681507260305693e+02 9.029876893837922580e-01 -8.294621920856963884e-03
-2.005677606612196087e+02 9.040409333381159707e-01 1.365900994780196512e-02
-1.928818527205519047e+02 9.193662131106342672e-01 8.541335833138512246e-02
-2.039027605366973148e+02 9.787656679798977244e-01 5.074825491965225671e-02
-2.071562075270690286e+02 9.424954810590592258e-01 2.718843113768664235e-02
-2.063744279522907448e+02 9.701445084725479617e-01 4.404430678266311322e-02
-2.042926178097873731e+02 9.324191579716780698e-01 5.717889504481622753e-02
-2.034366560081975024e+02 9.386449566891279517e-01 6.366816638285813235e-02
-1.902071251930856874e+02 9.853577115215880200e-01 -5.525305422022116358e-02
-1.881396537607401171e+02 9.598892416424407159e-01 -4.292426685277374310e-02
-1.968650020649227770e+02 9.825220119816003850e-01 -2.224851538351975411e-02
-1.841739264349423024e+02 9.695673375983457909e-01 -7.052259152734753622e-02
-1.962894533097963574e+02 9.932143318004916788e-01 -3.598620485984695833e-02
-1.947120778064029878e+02 9.585754389845708712e-01 -2.024990413932805516e-02
-2.033072895862879648e+02 9.885140078842856726e-01 3.109971668998934985e-02
-2.069063366692549550e+02 9.371908370523081011e-01 4.494568502642831004e-02
-2.075673535627453248e+02 9.476788525298094346e-01 4.697833957818595141e-02
-1.978585051242260988e+02 9.563269344462014265e-01 -1.047384393471782749e-02
-2.078528185234834211e+02 9.465206695017007732e-01 4.311802498386257954e-02
-2.075512951522943297e+02 9.403869729515441644e-01 3.507057260199229060e-02
-2.052675464334242008e+02 9.444315232416898853e-01 1.549201672530456549e-02
-2.024003282790625917e+02 9.897954769234742489e-01 4.084887404507431263e-02
-2.018460967744757966e+02 9.121764089276033216e-01 4.095367058179062020e-02
-1.960318798605333654e+02 8.896733878379570193e-01 3.410199454517900269e-02
-1.938795135702878270e+02 8.547110112198319509e-01 1.498622040531711816e-02
-1.925202924566004583e+02 8.070368902183906457e-01 3.310245031208421812e-02
-1.861415367210989018e+02 8.532519177145452272e-01 -8.431953970083330696e-02
-1.899604306580737045e+02 7.951756828899986251e-01 -2.964514862566913767e-02
-1.934746487404773063e+02 8.018572007742185148e-01 3.227940952926301732e-02
-1.851051519212518883e+02 7.588785595356662972e-01 -1.727397459690380166e-02
-1.956039933859321991e+02 7.799534099324973990e-01 1.700587507203873278e-02
-1.700302701290530365e+02 7.429121919805221630e-01 -7.948763460074849407e-02
-1.785575114622637614e+02 7.890879838847297822e-01 -7.433921627925600684e-02
-1.869821791601125653e+02 8.433302150218101589e-01 -8.168631003124103562e-02
-1.935200499137996815e+02 8.081985617396642008e-01 -3.274074108075768902e-02
-2.019152951121019441e+02 8.547779206900097959e-01 -2.473383709008923972e-02
-2.005158966932020519e+02 8.476772599908201089e-01 -4.684691050021686648e-02
-1.966749670953722671e+02 8.611163371625668583e-01 5.928091836247951010e-03
-1.946958763229606006e+02 8.536755925926937660e-01 -6.725935788565501339e-02
-2.015686200998724757e+02 8.446982735186278068e-01 -3.211318062426563036e-02
-1.984364439436368741e+02 8.927451689754188902e-01 -2.993589801823628299e-02
-1.995052163152619471e+02 9.005173090956509752e-01 -6.080860941046129474e-03
-1.890525021160889878e+02 9.277344187699656519e-01 -4.308687275242183146e-02
-2.068308657583911554e+02 9.342155586840530379e-01 3.523871997370399411e-02
-1.997175443929107246e+02 8.747049092676432158e-01 -6.442094301746673427e-03
-1.993012853546348140e+02 8.678098626448819131e-01 -4.613480743005739931e-03
-1.990527993218943266e+02 8.926495755204366667e-01 1.020225883095880227e-02
-2.025040043232919231e+02 9.914466598263942387e-01 3.401198247082160009e-02
-1.979783518749586051e+02 9.364156760902683230e-01 -9.526272708237762399e-03
-2.072659770751766928e+02 9.658339521371482883e-01 3.440356211092613498e-02
-1.998856550445600249e+02 9.099605558441995479e-01 5.199898447257444989e-02
-1.991581071174595650e+02 9.139465065587325521e-01 -6.715694479987853634e-03
-1.940206882413550886e+02 9.223148377540606457e-01 8.348917294524579868e-02
-1.839719324168486025e+02 8.349782031888679512e-01 1.008249051380874506e-01
-1.891769668570941860e+02 8.769154646838638323e-01 5.895320257898243460e-02
-1.928832116299585948e+02 7.606635306533116037e-01 7.046206066047262795e-02
-1.910174888786784493e+02 7.799080456270740536e-01 7.300983429770420419e-02
-1.848244724576163378e+02 8.037907740091317921e-01 8.888677635385192066e-02
-1.835309052133238197e+02 8.065520939252414090e-01 9.516607448868674712e-02
-1.891297165932718087e+02 8.737706908454568877e-01 5.309390928009023042e-02
-1.873419965597215366e+02 8.537948049801387107e-01 4.317512510861584718e-02
-1.910826666493674679e+02 9.080901332373891854e-01 -5.184328359341986575e-02
-1.933691499663622437e+02 9.132324888060252555e-01 -3.576213501681842905e-02
-1.987163303687645453e+02 9.322074452741651029e-01 -7.256684753578228689e-03
-2.005049776126733434e+02 9.121051612678513498e-01 2.103161593732299529e-03
-2.051127637491314317e+02 9.248510478668919843e-01 3.017438087770453123e-02
-2.064073122411792269e+02 9.401181224695549510e-01 5.162177172919763662e-02
-1.875834400547201710e+02 9.307985185671336925e-01 9.853470545806128356e-02
-2.033024449959971776e+02 9.325601927293987181e-01 6.132703410085577761e-02
-1.891427289430258725e+02 8.856027264377457353e-01 -7.511152361640187347e-02
-1.955993059935313738e+02 8.261345714381459482e-01 -5.251425947661780835e-02
-2.005222630382315003e+02 8.812098588381651609e-01 -2.441701731511552315e-02
-2.013642864614512291e+02 8.726270724953051339e-01 -2.401034525560172619e-02
-1.937818411854464671e+02 8.179723045726243758e-01 -5.032337572618057753e-02
-2.006174975463800365e+02 8.797434279012001923e-01 -1.908780976052374193e-02
-1.955705268649606126e+02 8.661204432031289757e-01 1.226040467638700622e-02
-1.883402861864703937e+02 8.390095077551814606e-01 3.594975671025160691e-02
-1.946854421882356689e+02 7.831483576759367127e-01 1.072108971228354253e-02
-1.931886996495882727e+02 7.643346489075231176e-01 6.437865202644168020e-03
-1.857856647304224111e+02 8.310057762536164905e-01 5.678313106441108121e-02
-1.993179089051463393e+02 8.949991820961248346e-01 1.090209267130388959e-02
-2.036235545799164015e+02 9.340763242797209820e-01 6.097870292867754727e-02
-2.055190406984004881e+02 9.504588249003034228e-01 1.586878241653344110e-02
-2.014754282505995207e+02 9.925898666039730811e-01 4.264938987389660374e-02
-1.950520736439788720e+02 9.623377076912934536e-01 8.489502271796639521e-02
-1.877521087209998711e+02 9.010076326134801583e-01 9.489814803459287185e-02
-1.862508448726674430e+02 8.811908113798399000e-01 9.580673002232154012e-02
-1.889410274551542273e+02 8.865794101254783621e-01 7.970609918556460782e-02
-1.941114920320997328e+02 9.621047736792427418e-01 8.680963129305480086e-02
-1.982829395852190828e+02 9.291971032956846122e-01 7.509420051143581021e-02
-1.846748103006076178e+02 8.509566173989662197e-01 1.050845748731242535e-01
-1.855577921805156336e+02 8.680407727594401379e-01 9.313544711823890099e-02
-1.840670164991889237e+02 8.358055516047012690e-01 9.720065760572020597e-02
-1.838936715088205744e+02 9.010706538143150590e-01 1.077947146210322671e-01
-1.802205313320318680e+02 9.627552879258379770e-01 1.120561021578883182e-01
-1.924965599104424427e+02 9.455503710790329475e-01 -2.588043379372536798e-02
-2.046452541613458322e+02 9.456164877773837185e-01 1.263932764830864516e-02
-1.912215579383106103e+02 9.895211688833602803e-01 -5.560370220307025990e-02
-1.989011575835615986e+02 9.841849026228487451e-01 -1.391368598074546256e-02
-1.966595390903213172e+02 9.064427010607712942e-01 -2.531357627047057732e-02
-1.803773711386589582e+02 8.681431293403515381e-01 -9.473341249903194372e-02
-1.994179733805549404e+02 8.379988477816976422e-01 -4.635591551251639492e-02
-2.011768741699947896e+02 8.725117918737075318e-01 -1.993528713018358212e-02
-1.874316046935645375e+02 7.973249765312239168e-01 -4.693439033820316630e-02
-1.884458674962975806e+02 7.837805844393783694e-01 -2.165340897855391397e-02
-1.972655721495304704e+02 7.730780888184800581e-01 2.899258333744136537e-02
-1.939174030535785960e+02 7.918601006648927632e-01 2.908639304587032869e-03
-1.943905356202121766e+02 7.997247548861272648e-01 2.027577296202473511e-02
-1.884370250077906519e+02 7.722156072297478024e-01 8.186402968578686268e-02
-1.905715860859851318e+02 8.648022663046293079e-01 3.341130599203152168e-02
-1.876534001687650175e+02 8.810008796446173740e-01 8.249900490311598555e-02
-2.010897546511449718e+02 9.253813836458961717e-01 6.472848830904009976e-02
-2.014210821418430157e+02 9.660060771511987943e-01 1.538032038751833280e-04
-2.028833644555398337e+02 9.160074961406533545e-01 4.106105408691409359e-02
-1.991674243842693670e+02 9.006667469811118210e-01 3.339189000241588740e-02
-2.027881793540252886e+02 9.199405348805469451e-01 1.368141158929089135e-02
-2.018242259169876434e+02 9.975112252870106389e-01 8.369700327579766147e-03
-2.072805400898651556e+02 9.658146439538667360e-01 3.504298099427427537e-02
-1.945903071857446491e+02 9.502940550669520814e-01 -1.963252732157751840e-02
-1.955980159306535882e+02 9.737535387341306192e-01 -2.215540501431227660e-02
-2.068714106167658997e+02 9.690059643320272365e-01 3.398287640713050506e-02
-2.009792566496185486e+02 9.062347357586792995e-01 1.644543913669885629e-02
-2.039748004742388332e+02 9.197950005261125161e-01 3.897518610144586754e-02
-1.966345811167215345e+02 8.625242610290697609e-01 6.507341580824531520e-03
-1.937011269267737816e+02 8.092176791765736121e-01 1.795023693981483842e-02
-1.932933447304817491e+02 8.771907386495029213e-01 3.161916186610029544e-02
-1.938192519265416820e+02 8.563075403455867596e-01 -6.941576088545121925e-02
-1.927949296377154553e+02 8.145166754727796166e-01 -4.983721237388567121e-02
-2.020177537738069589e+02 8.511675431613041631e-01 -2.957412081670736034e-02
-1.977235407212581606e+02 8.267189375054175837e-01 -1.139245179996126352e-02
-1.912495950090214478e+02 8.612883852733629331e-01 2.803360712474316924e-02
-2.000838457177448504e+02 8.584061194806317241e-01 -1.017693265838795491e-02
-1.888476152164795963e+02 8.365632511489929923e-01 3.388036035700694310e-02
-1.972813532693918717e+02 9.286469408624946631e-01 7.746472229872884696e-02
-2.027273831295662205e+02 9.768420052837797352e-01 5.893091866224911546e-02
-1.860938863872009961e+02 9.315780142219224347e-01 1.013798377165118503e-01
-1.850530257241636889e+02 8.600910847202493104e-01 8.098844054651473112e-02
-2.007656422377847889e+02 9.049449975367344079e-01 2.220419655250318453e-02
-2.009841523396854939e+02 9.104298529996432965e-01 4.471757241024777035e-02
-1.994180621501186863e+02 9.003864967634523930e-01 -7.471707011482035116e-03
-1.932178785037431226e+02 9.611294315940287492e-01 -2.548847881588271400e-02
-2.024904861982196280e+02 9.434330927798441069e-01 4.861182490525638687e-03
-1.941416125911349013e+02 9.189401973323751971e-01 -2.791450194423271761e-02
-1.836998143578587133e+02 9.407050794023859019e-01 -6.291980769735244783e-02
-1.755868756795616719e+02 9.116113690540513792e-01 -1.117496512581395707e-01
-1.772696297972080401e+02 9.819167382592657312e-01 -1.129884672521575817e-01
-1.772682653559845107e+02 9.453333641251668862e-01 -1.193483779447409993e-01
-1.828313949954647910e+02 9.214350980953913695e-01 -8.034214579082367413e-02
-1.776396072411481271e+02 9.331418792293058040e-01 -1.129290043138404115e-01
-1.842172466351146056e+02 9.602953334475720082e-01 -6.251420008012796570e-02
-1.994681835625360122e+02 9.793316792661100889e-01 -9.299978630308368410e-03
-1.952322354595486047e+02 9.767337869011225582e-01 -2.515402839210955158e-02
-1.929833520260530690e+02 9.707755133909887757e-01 -3.010192793126981181e-02
-2.067381015726498390e+02 9.654269012148974927e-01 2.585263205209702847e-02
-2.066718321404530911e+02 9.495336543042320887e-01 5.333463742777941330e-02
-1.868364311308340859e+02 9.916148148153911546e-01 1.003145060032781671e-01
-1.872903825163303111e+02 8.894566745571650390e-01 9.291325135538769375e-02
-1.852413267652988509e+02 8.547413398017633668e-01 6.094399234740322663e-02
-1.981746468130827736e+02 7.565898106395905209e-01 3.877942036013339727e-02
-1.974496594298769878e+02 8.210888407360434904e-01 -2.095269287016202769e-02
-1.870139671309677851e+02 7.356781030049742709e-01 -5.512837455895214407e-03
-1.955986930223868114e+02 7.405762525879111546e-01 2.635610117940655889e-02
-1.976431735105633720e+02 7.539943690014299094e-01 3.127337817906070128e-02
-1.940315680200552322e+02 7.841213476716618613e-01 6.219575503478999567e-03
-1.910798745698537005e+02 8.003835957469482842e-01 -3.269036265231543142e-02
-1.951458565998203198e+02 7.881566090746924269e-01 1.609603798687483933e-02
-1.779444950387765232e+02 7.161439408220634517e-01 -4.052722422709767458e-02
-1.486624218096011134e+02 5.604880972307044740e-01 -8.353700152603713014e-02
-1.460016640344509540e+02 6.122472058715533461e-01 -1.189158415780215833e-01
-1.729799226791729723e+02 6.632885639531892474e-01 -7.749637695867411802e-02
-1.927079467121332641e+02 7.303231434623259632e-01 5.745181946755401059e-02
-1.963907357671365048e+02 7.434332415549368411e-01 5.069297085628022420e-02
-1.938913368977971459e+02 8.007981804565292849e-01 2.869670442311992795e-02
-1.943458797682438899e+02 7.373085232730302030e-01 5.701573181849035887e-02
-1.955863009619416459e+02 7.357779754305995290e-01 3.514154829352440085e-02
-1.970950362035098351e+02 7.653808912472042092e-01 5.278971416441929909e-02
-1.851299989955663818e+02 8.063917227939685350e-01 8.668566673842360848e-02
-1.889990247740857683e+02 8.165462629651313309e-01 4.755856811462918360e-02
-1.913368418944983205e+02 7.983527998016468619e-01 5.781500839346129239e-02
-1.822569058088711245e+02 8.336864377064772125e-01 1.231737831936427774e-01
-1.821419321232733637e+02 8.713699603048498110e-01 1.279265216839067798e-01
-1.847826203566705487e+02 9.077529312002787787e-01 1.045402199258386317e-01
-2.025360539376835050e+02 9.378091344443121313e-01 6.625725577092525520e-02
-2.079443643015411567e+02 9.572584787331641643e-01 3.461617401297022167e-02
-1.994243095167591378e+02 9.048674522387187835e-01 4.375133365916680783e-02
-1.930169275913488036e+02 8.811101284676313705e-01 3.903196875420020945e-02
-2.042096060201495789e+02 9.220062842446111739e-01 2.387026581167529457e-02
-2.081061911406203535e+02 9.493835751312439397e-01 3.741161754051528648e-02
-2.000320872292969341e+02 8.818130719053375310e-01 -1.022502632241328174e-02
-1.989678599798454002e+02 8.431209243274816467e-01 -8.666061001245672912e-03
-2.014740714025484465e+02 8.544044029967696741e-01 -4.265601242488457207e-02
-2.012679421972812861e+02 8.742053753078498080e-01 -2.803181870428289590e-02
-1.953531620954425989e+02 8.310243166835468154e-01 -5.777435972222828148e-02
-2.016887318316027802e+02 8.460575893071293763e-01 -3.290082446699009455e-02
-1.965377182226596915e+02 8.173362013394102066e-01 -1.472096204580180742e-02
-1.944145880667227857e+02 8.013385960247934037e-01 4.335194690407760156e-03
-1.903842014327929348e+02 7.903969436614888266e-01 -1.983493723088707028e-02
-1.891682836835797445e+02 8.483584071415943839e-01 -7.836266910637014471e-02
-2.015698119972632298e+02 8.448498848893442048e-01 -2.994127246566903947e-02
-1.944490682227245486e+02 8.460806866115427871e-01 -6.679872667109866546e-02
-2.021672618691683851e+02 8.549446923781118812e-01 -3.240552490773198485e-02
-1.822685732038314086e+02 7.973554892893137680e-01 -6.898655477187576324e-02
-1.988400032864705054e+02 8.276151972874310481e-01 -2.436840974544883173e-02
-1.999034428872558067e+02 8.778298897808048951e-01 -4.061758519178158139e-02
-1.998706357389713730e+02 8.432445713789934461e-01 -1.363809520516688460e-02
-1.933782574583262885e+02 7.779535312048575513e-01 4.084502950091785031e-03
-1.844223836955177944e+02 8.192575486124290540e-01 8.761826401106860562e-02
-1.846931934741538726e+02 8.503256307579386553e-01 6.482126303843997739e-02
-1.900167294217243921e+02 7.900335128332335310e-01 -2.136379843163977929e-02
-1.773556394536784921e+02 7.787634983850652004e-01 -6.601079195199933969e-02
-1.888951935865904375e+02 7.812575209753450656e-01 -1.732356361449718246e-02
-1.980188441306244727e+02 7.621164319466176007e-01 3.336133409656855120e-02
