-1.010446020179352331e+02 2.723599531284539577e-01 4.288622712764851852e-01
-9.773316543467262818e+01 2.867831129987226113e-01 4.824320311048221344e-01
-8.819007589292762361e+01 2.305738441899577440e-01 5.706886344531466593e-01
-8.793909909919207735e+01 2.133672416660499782e-01 5.744761491323637781e-01
-8.934160544270110904e+01 1.955126345276020361e-01 5.686854053507527373e-01
-9.594960179271082268e+01 2.350073512887341509e-01 5.154718017732032864e-01
-9.725092305613945598e+01 2.491030250481885977e-01 4.992363911671796606e-01
-9.539226902723184764e+01 1.822348186419263383e-01 5.292428983399992681e-01
-9.936125204087554152e+01 9.519892025856811768e-02 4.913636569852246616e-01
-9.222787797179546487e+01 -2.547677740614077979e-02 3.531999683084803277e-01
-9.291557573665170366e+01 -9.747094955486243495e-02 4.038739192357013730e-01
-8.289691438123789169e+01 -1.741132298221956254e-01 3.514535012634287248e-01
-7.488057305162524813e+01 -2.206623728334712597e-01 3.168055656499166317e-01
-7.582204237545737158e+01 -2.045829033647091899e-01 3.146985262920786730e-01
-7.671065007357830723e+01 -1.155827689101586592e-01 2.662706809336843894e-01
-6.788108149569437444e+01 -1.946903557429943421e-01 2.491117326188011516e-01
-6.418052188617426168e+01 -2.312583687988136738e-01 2.452906643578646184e-01
-6.731613550365901233e+01 -2.340320891920037727e-01 2.705597229831190886e-01
-8.144063784097150460e+01 -1.641380692885430759e-01 3.344426661190661454e-01
-7.041761018803012462e+01 -2.252590816862458656e-01 2.876524724659966781e-01
-8.508874777401592837e+01 -2.190178487185810707e-01 3.977445304130234338e-01
-8.892080654987304911e+01 -1.384554442899086635e-01 3.845149548723039712e-01
-9.411797103705187340e+01 -4.897691098798695464e-02 3.884725282084757758e-01
-9.345573772139266566e+01 -3.279698077859186101e-02 3.710997047702710994e-01
-9.672160586990655418e+01 6.402834949835092826e-02 3.558922434118108047e-01
-9.816640914285284225e+01 2.056690531879208639e-02 4.070300019989347984e-01
-9.420404737425683095e+01 -3.681981436535595835e-03 3.631264259496385094e-01
-9.537419162663783823e+01 4.574429172433503582e-02 3.480276485623152172e-01
-9.695455085301308884e+01 5.806500907643911968e-02 3.633427316425618669e-01
-9.432489558513340455e+01 6.729712999856565792e-02 3.166825388926210461e-01
-9.866347119368553820e+01 9.897335525815888213e-02 3.666880849088944294e-01
-9.500981547462959043e+01 7.095300047912408981e-02 3.243352454994021250e-01
-9.383101053533147251e+01 7.241370651185786295e-04 3.560626565940843702e-01
-9.297256833304398072e+01 6.978126359326652928e-02 2.917974923286455469e-01
-8.705863669858754861e+01 -2.823533200364024970e-02 3.010225499353575418e-01
-9.343935680300255342e+01 4.580703132647204190e-02 3.213654355976685029e-01
-9.702636492043143335e+01 1.213259906494071755e-01 3.122420584296853319e-01
-1.000770672677757318e+02 1.847216836555823083e-01 3.024820370388596746e-01
-1.023174584281197781e+02 1.969830565884503060e-01 2.197917266415758131e-01
-1.051346013247865585e+02 2.369428014073349520e-01 2.350574991395734115e-01
-1.110094168141164346e+02 2.557076782087520650e-01 1.799440035795464021e-01
-1.157583264072252973e+02 3.047164311875278919e-01 1.867690857436252738e-01
-1.096142242638625675e+02 3.243563359612212649e-01 2.604240308516355684e-01
-1.094057974967457341e+02 3.157009541813722286e-01 2.567421582084883913e-01
-1.119722450724349727e+02 3.180319961067546441e-01 2.322807262811518725e-01
-1.062993091465834254e+02 2.954690458267665853e-01 2.819843579350015950e-01
-1.139471603765019978e+02 3.166189897133493969e-01 2.131398383004376174e-01
-1.178640181597665446e+02 3.378791855653076603e-01 1.975684749925281092e-01
-1.152492581594568435e+02 3.701851273917190488e-01 2.377022703828223504e-01
-1.268652975230006916e+02 4.092397419295024097e-01 1.850451674814217740e-01
-1.235256689411921798e+02 4.124005769627075435e-01 2.058512555222823115e-01
-1.311808106490865100e+02 5.100294825325434322e-01 2.068530812245195083e-01
-1.292347142583702748e+02 5.388138377098092846e-01 2.229395120279722142e-01
-1.180614609387641707e+02 5.262001550277601858e-01 2.687694517195545751e-01
-1.300014832920124377e+02 5.738185898818969344e-01 2.275592414371429562e-01
-1.317082338400980177e+02 5.271087461958952058e-01 2.097715305713573064e-01
-1.371269933237771568e+02 5.313094499590826914e-01 1.890190536972204127e-01
-1.441793619817751448e+02 5.452924421103666486e-01 1.655162852890738612e-01
-1.525143021655029827e+02 5.985622544864972472e-01 1.520023642137683373e-01
-1.458056432788872883e+02 6.481255082291869085e-01 1.878700109932289197e-01
-1.454060099420211714e+02 6.580829772136436162e-01 1.910066578998007580e-01
-1.459469057494883657e+02 7.261102360073403705e-01 1.991488297356968362e-01
-1.525949636568490178e+02 7.114221501759776523e-01 1.780887072423148199e-01
-1.603871268627741529e+02 6.711239424630947026e-01 1.455031260218427602e-01
-1.543817209877934147e+02 7.330949758301419372e-01 1.760593327418927545e-01
-1.509891048737580661e+02 7.751363955531211936e-01 1.900933976706912776e-01
-1.752887121103697154e+02 8.621152897096485690e-01 1.313659689139536069e-01
-1.963520561353954577e+02 8.910871002833289367e-01 5.317253452969550320e-02
-1.981719215671905090e+02 8.593572260227907433e-01 7.439487396301434213e-03
-1.927427120857704494e+02 8.098650582458655212e-01 4.987842824423199123e-02
-1.934257381121778678e+02 8.161391233387238486e-01 -2.344134385631817946e-02
-1.896808472408328896e+02 8.047715901693317520e-01 -4.215374448377663674e-02
-1.975635611857352103e+02 9.356404962560512795e-01 -3.409293263681120040e-02
-1.927888620573951073e+02 9.505839920478069693e-01 7.832223039069712012e-02
-1.960425514868939558e+02 9.476628078404483180e-01 6.288872292409204701e-02
-1.976222622717808406e+02 9.502513870497715232e-01 5.401971823736340800e-02
-2.014829888359187748e+02 9.795962309192598472e-01 1.684617424654542492e-02
-2.015192204324258967e+02 9.927280749449939323e-01 -1.935702867750703840e-04
-2.012908748855337535e+02 9.494973703862890080e-01 8.535314944726880501e-03
-1.937439018452103312e+02 9.989853653455780247e-01 7.434174603385666769e-02
-1.962177901509745084e+02 9.243894117654253284e-01 5.976632450011530595e-02
-1.998767103284954487e+02 8.972462465256569875e-01 1.035298551261725798e-02
-1.921362775865044057e+02 8.803934418235648263e-01 -5.220157236830075959e-02
-1.943221265980866974e+02 9.176225707468530501e-01 -4.880373653187394800e-02
-1.915505835627817532e+02 9.535871281871221017e-01 -6.418565690467942231e-02
-1.996470324461098755e+02 9.147290728047908770e-01 -1.158852960676601609e-02
-1.954223764844346931e+02 9.570614767066775164e-01 -4.808649379287359416e-02
-1.992024078669147116e+02 9.593355762476059034e-01 -2.595370992701695120e-02
-2.015076575018275378e+02 9.880958651945775939e-01 -3.964144463514361616e-04
-2.016476189273269028e+02 9.929997417239262436e-01 8.351971974753489431e-03
-2.010469211976677570e+02 9.372809277065951017e-01 6.854388679542428725e-03
-1.967317136124349304e+02 9.027716333703680318e-01 -3.294499785391732938e-02
-2.006840597204376309e+02 9.469992057850441514e-01 2.644538234526594422e-02
-1.998478452199357775e+02 9.168743868647319939e-01 2.893909910094328436e-02
-1.996319288500343134e+02 9.255228299971745010e-01 3.442629827258510827e-02
-1.949990018249419563e+02 8.688731655238914886e-01 5.637564059764751251e-02
-1.803367205681476548e+02 8.258640057478087160e-01 1.113933175153178079e-01
-1.713133860801759170e+02 8.120987717271075379e-01 1.377988072444829848e-01
-1.756498072917113120e+02 8.224092586775322289e-01 1.260370200361409510e-01
-1.958746211190935185e+02 8.640116033347836622e-01 4.882461625582466130e-02
-1.930941885934213644e+02 8.320839940324827877e-01 5.696806162757480502e-02
-1.882942907910442045e+02 8.534246128618293570e-01 8.645523616298424197e-02
-1.903444310949849410e+02 9.037189993644614283e-01 8.506137576650402154e-02
-1.859049428938249093e+02 8.557485327755786075e-01 9.619341142549596435e-02
-1.924655236498621207e+02 8.672914262687194675e-01 7.021727915105084594e-02
-1.839203182733490678e+02 9.456277327860478366e-01 1.099295647363798256e-01
-1.944628509686079951e+02 8.778545076000905389e-01 6.179714313275384840e-02
-1.990211545236638528e+02 9.186571696157934674e-01 3.890268206239860110e-02
-1.961350099841667998e+02 9.883302395772692872e-01 6.338462167947957193e-02
-2.016145856069228728e+02 9.917388050158930657e-01 1.234603923683772961e-02
-2.011666530161628543e+02 9.605964987612870543e-01 2.112621783168422071e-02
-2.008271979013561293e+02 9.297379649972137283e-01 3.800524127534110445e-03
-1.977739320242365579e+02 8.686608703296224698e-01 3.283167805851995580e-02
-1.954098152503991344e+02 8.234570402008191126e-01 -8.117522350352871993e-03
-1.914250646829845550e+02 8.436744503981611354e-01 -4.647222616521230754e-02
-1.970709744374175330e+02 8.626000388175043554e-01 3.767676990391044534e-02
-1.960361959810602173e+02 8.252266198838663636e-01 2.160749445796769641e-02
-1.924252733316221793e+02 7.803487657458871851e-01 3.068547787832491894e-02
-1.951212309198964192e+02 8.106509352394744017e-01 3.834352894536812318e-03
-1.935967697048145055e+02 8.328161723055313992e-01 5.384607191966232775e-02
-1.927265911113754555e+02 7.864129248586070320e-01 3.323301009349802215e-02
-1.915760506849916283e+02 7.990464347838718284e-01 5.329102804235631013e-02
-1.936045886717579663e+02 7.898542346415703408e-01 2.048944907925578235e-02
-1.933606033500846877e+02 7.957302656901842353e-01 -9.102449684317531764e-03
-1.832122192550493764e+02 8.323050413527177671e-01 -7.621676061849678996e-02
-1.922485419206154802e+02 8.169186488769413224e-01 -3.226596330896770032e-02
-1.976843444077000527e+02 8.749098497087723914e-01 3.709247884806472773e-02
-1.998221857879647132e+02 9.094124000540884101e-01 2.591770522060875617e-02
-1.981060586960422825e+02 9.013476646291844752e-01 4.258482040423567511e-02
-2.009048913581026454e+02 9.328424427916941486e-01 1.448743779715002712e-02
-1.966544056414138595e+02 8.803485986056367452e-01 4.818854061707424086e-02
-1.919209617035431563e+02 8.385349129434848114e-01 6.606499548914672448e-02
-1.940193749297644672e+02 7.956402899181428401e-01 3.581434167508126820e-03
-1.970705752282627827e+02 8.699883440458680006e-01 -1.968708524498486226e-02
-1.968039691337184536e+02 8.707560523440142086e-01 -2.235606215994887652e-02
-1.967814181098549113e+02 8.543474012650312810e-01 -1.440569879131798833e-02
-1.878049252492555468e+02 8.794501079084686701e-01 9.225533791535829586e-02
-1.823576333381938070e+02 7.611638902242003901e-01 8.903085581569700202e-02
-1.903370729621307476e+02 7.540781117179412574e-01 2.918893555884011920e-02
-1.959826896885396366e+02 8.218643475521151265e-01 9.180394478899827487e-03
-1.944862254525553737e+02 8.191190946340528578e-01 -1.570100914823298680e-02
-1.906714816079559682e+02 8.716283008759542206e-01 -5.673363331116003383e-02
-1.918365387617953957e+02 8.970674235952478259e-01 -5.657746703340333499e-02
-1.848757773548078944e+02 9.709432232010161146e-01 -8.719781521173404493e-02
-1.955568178820337266e+02 9.483152067276177100e-01 -4.666927981612011694e-02
-1.995267162915267249e+02 9.674857904164531064e-01 -2.422343517721166004e-02
-2.003503585194407322e+02 9.447813998713044947e-01 3.060006188208437908e-02
-1.976467257337681644e+02 9.759491592174130981e-01 5.503881683568984107e-02
-1.978633858697542109e+02 9.216221510648537896e-01 4.894693701318927892e-02
-1.991077098774096612e+02 9.236346718208449103e-01 -2.023117261732672659e-02
-1.967227859907106904e+02 8.597114689820620770e-01 -1.799907653518433362e-02
-1.913197548936958299e+02 7.608800230256093089e-01 1.691509366802084260e-02
-1.891852387578149433e+02 7.391145879586357159e-01 2.470895045212897351e-02
-1.925096539034478553e+02 7.888696168388817931e-01 3.837689374213329452e-02
-1.940451654772392374e+02 7.942164949252951134e-01 1.196322544875931190e-02
-1.889750715782170403e+02 7.354652765345705001e-01 8.391833107819959142e-03
-1.905008853943670317e+02 7.613456826077347195e-01 3.636428189068150602e-02
-1.912213091602893655e+02 7.635868086158421608e-01 2.780188267618182579e-02
-1.850039889196186493e+02 7.459691991209255191e-01 -4.082359190966501628e-02
-1.880955421663429377e+02 7.680909282062153842e-01 6.179274033113318909e-02
-1.880578070996274107e+02 7.621958459188107327e-01 -3.141012647304690375e-02
-1.911062643424855594e+02 7.625731024405764114e-01 -1.726627226633978404e-03
-1.884446993183815380e+02 7.362304800220043077e-01 -5.803956617342329906e-03
-1.767310903691266617e+02 7.220421640606151659e-01 1.002629235534670121e-01
-1.531712432463746154e+02 7.144534720700250752e-01 1.768601605654315234e-01
-1.575255807604847575e+02 6.624483572574879631e-01 1.529267886506991692e-01
-1.415918463664490048e+02 5.400404884171235986e-01 -1.108221751554519796e-01
-1.212535979286053731e+02 4.984595750445708351e-01 -1.515585486158263218e-01
-1.550270045526644651e+02 4.849832122622765307e-01 -1.250935114173050249e-02
-1.501472849390636952e+02 4.507635264683423904e-01 -5.500964566781645602e-03
-1.439403031393391075e+02 4.107142199929679216e-01 -9.953268133734363568e-05
-1.454204799269263049e+02 4.164852683645791642e-01 9.107553146466291355e-03
-1.510761083761701968e+02 4.503351451289573371e-01 1.199520921285277333e-02
-1.426535055053773533e+02 4.334728386394151589e-01 -4.328251362004505165e-02
-1.491699909590451512e+02 4.444111365898778532e-01 -4.756940808810700139e-03
-1.489100300525831528e+02 4.400879789256758601e-01 1.719914545830302736e-03
-1.466689170326646661e+02 4.419528590926879996e-01 -2.543418668471623262e-02
-1.478771211993932582e+02 4.599826214087826548e-01 -3.755494992400153914e-02
-1.527475085653904614e+02 4.591236073777185123e-01 2.527050228839786139e-02
-1.572959596040571171e+02 4.981900690165834700e-01 -1.036220222397878088e-02
-1.895453979124911825e+02 7.420829069866242689e-01 2.191536964462977022e-02
-1.929037738525123871e+02 7.802705815907235998e-01 7.009668275118290277e-03
-1.918433114532112995e+02 7.896303350226080431e-01 4.571994593716696698e-02
-1.901028285463976317e+02 8.312781066418573062e-01 7.355662735433515786e-02
-1.942557157036371223e+02 8.317799402667224173e-01 4.850851939939014590e-02
-1.912223668992803596e+02 7.788772626781758079e-01 4.401758237768844256e-02
-1.751275253420979823e+02 7.819846477529778239e-01 1.213091312690362106e-01
-1.777448823848687312e+02 8.120019730139443892e-01 1.178585055549688093e-01
-1.862534491656801663e+02 7.903642605594047854e-01 8.044182762706945933e-02
-1.958024316277082164e+02 8.192617321080829518e-01 1.506700119296967323e-02
-1.807290080366977350e+02 8.569769154127651056e-01 -8.848086605542183902e-02
-1.808896616649539624e+02 8.715736275221950269e-01 -9.017287868789798655e-02
-1.961765615211071747e+02 8.791284537465363647e-01 -3.009648916475784683e-02
-1.975928274939394953e+02 8.483081941189712927e-01 1.271204458459181987e-02
-1.970154705163064648e+02 8.576779923689161755e-01 -1.381935499458755885e-02
-1.806867063465271883e+02 8.432219435555251552e-01 -8.631898458251251183e-02
-1.784285620874966867e+02 8.740755080911341013e-01 -9.746605355158080575e-02
-1.748575758405848717e+02 8.717195111000456409e-01 -1.066688274625994248e-01
-1.988161175845765740e+02 8.838480352924033001e-01 -6.836961108597053131e-03
-1.968605056331530250e+02 8.810986861809453341e-01 4.682928006420991607e-02
-1.964673046434074877e+02 8.292480496163527892e-01 1.148617658154332290e-02
-1.968595834348540450e+02 8.505407703675355036e-01 3.309766144738007787e-02
-1.955779995479148567e+02 8.516441856489508355e-01 4.648478525148189155e-02
-1.942890646320369683e+02 7.989837041640370785e-01 4.234263130334500400e-03
-1.827178604772430788e+02 8.268639580982238835e-01 -7.671348609775090199e-02
-2.006335797361556104e+02 9.247609005255919001e-01 1.238285489024582974e-03
-1.988665623988375444e+02 8.959145801925584296e-01 -1.298754539935236332e-02
-2.016253550297768697e+02 9.814513636341205549e-01 8.990487967360833929e-03
-2.014077295239220007e+02 9.772072050488256334e-01 -1.914515265002785654e-03
-1.974282043718316402e+02 9.908920967989205408e-01 -3.937849870816307468e-02
-2.014244231954374982e+02 9.797732350679817515e-01 -1.878357158428082922e-03
-2.014252878621514071e+02 9.584600841259378612e-01 9.281221998869645939e-03
-2.015244712134002043e+02 9.746929001664257353e-01 2.522487150513669143e-03
-1.993637706747394134e+02 8.844285557443748447e-01 1.175770124733092024e-02
-1.979954874940966931e+02 9.721367627869654804e-01 5.281356921064962046e-02
-2.007034886824756086e+02 9.228779243177613889e-01 8.825402691092963658e-03
-1.972259010971216924e+02 8.768452123641982121e-01 -2.124665062097595702e-02
-1.985763480908448457e+02 8.672727017045271936e-01 7.942114235357304944e-03
-2.011410187491307227e+02 9.609547183814174387e-01 -4.386550818175986508e-03
-1.974812877209681403e+02 9.529439611641982166e-01 -3.681541987992181103e-02
-2.001135103824701389e+02 9.246722164206004901e-01 2.808129190600582373e-02
-1.882049688779218570e+02 9.413944576984718537e-01 9.559796353203006691e-02
-2.003786514285164344e+02 9.774903919685900000e-01 3.418415258182370964e-02
-2.016115276628697757e+02 9.824318898288304513e-01 5.116436637167366859e-03
-2.016416270750870012e+02 9.875220935359083629e-01 9.352439190595696061e-03
-1.947120980298506083e+02 9.900278541823747114e-01 7.026503785555418546e-02
-2.008084494638423507e+02 9.649118647536792936e-01 2.800604390188697612e-02
-1.913824782942363925e+02 9.366066217918290748e-01 8.345540388341970983e-02
-1.974571247222887109e+02 9.774523773695786844e-01 5.618448063307669021e-02
-2.009096854305272473e+02 9.558673588922437236e-01 2.490728710671299972e-02
-2.005971741848584884e+02 9.710352213152745326e-01 3.135682623873790181e-02
-2.012894594210332286e+02 9.981896363724707122e-01 -5.673393015922754967e-03
-1.999143302369733988e+02 9.887748713320807514e-01 -2.224020899130350545e-02
-2.012719645709286738e+02 9.883086021056145531e-01 -5.952399127030343420e-03
-2.014116291885663372e+02 9.949506674114102500e-01 -3.130621006880893523e-03
-1.954895235065267229e+02 9.967464159106002031e-01 6.640613329581329660e-02
-2.006198823029180858e+02 9.251177076853421832e-01 1.822372323834767910e-02
-1.994977969828502466e+02 8.989488738690468717e-01 2.552334480348570148e-02
-2.009803729561772059e+02 9.339585550628228816e-01 8.160272866942779382e-03
-2.007066638884752194e+02 9.240713206085872100e-01 1.338928034193251695e-02
-1.926876337680014046e+02 9.311364912181243625e-01 7.768735883327219927e-02
-2.015981434613287036e+02 9.841658513994302471e-01 3.737545501333333457e-03
-1.953939840600581590e+02 9.440235196241255622e-01 -4.703240191767331380e-02
-1.971864109456998335e+02 8.843669904161376438e-01 -2.441722484122277326e-02
-1.958620545645040352e+02 8.250255485259035959e-01 -2.233044420655922856e-03
-1.988225998442749471e+02 8.897266884906226414e-01 -1.039633277943143724e-02
-2.005675638789432469e+02 9.210287261404749293e-01 1.625917719785026361e-02
-1.942103897685572349e+02 9.444897196873869305e-01 7.174712735276653208e-02
-1.952259290980180708e+02 9.969589383247194903e-01 6.767052742875059868e-02
-2.014796760137315914e+02 9.766604848587303600e-01 1.648689974949908016e-02
-1.950520041424769317e+02 9.828152651333433854e-01 -5.118977720951833899e-02
-2.009598131070720513e+02 9.791334032331681092e-01 2.716437366737822767e-02
-1.907188291011817682e+02 9.963517106172570248e-01 8.660969950938118833e-02
-1.974355808527815270e+02 9.929432519928778067e-01 -3.936488309895373738e-02
-2.016161242089319785e+02 9.804464820448942630e-01 6.551800806450388225e-03
-1.979331565277295226e+02 9.412839697720336574e-01 5.118651560176185056e-02
-2.013273566185616232e+02 9.764763963967294513e-01 2.052269734386546682e-02
-1.868799099142740374e+02 9.990265052474224250e-01 1.000076449452193400e-01
-1.937497807857428995e+02 9.859041035901482397e-01 7.464662512565249652e-02
-1.992677689565622074e+02 9.904202868272002913e-01 4.414719867280118143e-02
-1.971569703245349956e+02 9.366633221282960609e-01 5.564221915315083894e-02
-2.010736365460019499e+02 9.462756992256828870e-01 1.828943720886284582e-02
-1.935750635513089151e+02 9.954941106092954906e-01 7.518650495398900013e-02
-2.013494136955937392e+02 9.815767832107659130e-01 2.051605607886108559e-02
-2.006621999545800747e+02 9.754381958372961847e-01 -1.393333728476495170e-02
-1.998540510974578410e+02 9.278734556516684551e-01 3.251726942229009321e-02
-1.972157250617501347e+02 8.849069436377691167e-01 -2.437285396118193948e-02
-1.960943898368725797e+02 8.281178622927881650e-01 -1.561105255671595138e-03
-1.945914459538006724e+02 8.180998038825354479e-01 -1.383107562739920894e-02
-1.967753163089424788e+02 8.499903009846937474e-01 3.380120039240724211e-02
-1.931732425988833199e+02 8.653130385627888499e-01 6.612087756132650762e-02
-2.001758854581382820e+02 9.061420194572835651e-01 1.279432115444164783e-02
-1.966796471783095228e+02 9.506231408684734374e-01 -4.111667555842166144e-02
-1.907115955320648197e+02 8.772316940766793358e-01 -5.768561970712661469e-02
-1.965923806453678253e+02 8.315711876631211030e-01 8.067524940681733425e-03
-1.971630641004372819e+02 8.664299064766380898e-01 3.858430501245008887e-02
-1.990126896151325013e+02 8.843399514803605976e-01 -3.724351773002875995e-03
-2.002065468808136757e+02 9.847428038394429040e-01 -1.941528029526742860e-02
-1.859295839605238427e+02 9.755618850604060865e-01 -8.417758455558425890e-02
-2.012740419704449835e+02 9.535546264520950999e-01 1.545876857910073038e-02
-1.983942200594350140e+02 9.864343826579576868e-01 -3.346485438928812478e-02
-1.844936483830500435e+02 9.346684953526062101e-01 1.078294242868546027e-01
-1.875565568861032659e+02 9.453700635833632848e-01 9.798774493311086797e-02
-1.921533385251169079e+02 9.755963180936586543e-01 8.139817025306927967e-02
-1.998040810901454449e+02 8.974709877961792870e-01 1.660998630977574692e-02
-1.960072948902410133e+02 9.223029479575461931e-01 6.069785411222500954e-02
-1.950553092603253731e+02 9.923810254942112552e-01 6.861078477088496108e-02
-1.872529690482302840e+02 9.452930916257409333e-01 9.902834444763389254e-02
-1.954949334674055308e+02 9.507544314784280859e-01 6.590108413366248252e-02
-1.925166891893040031e+02 9.644728440083039089e-01 7.983918087830191301e-02
-1.983836410745730063e+02 9.989959219466870710e-01 5.015779635970873951e-02
-1.975886130177523512e+02 9.332743579960903757e-01 5.253052169008042005e-02
-1.932925903591137740e+02 9.389221931586184677e-01 7.556392821677219984e-02
-2.000912361501586076e+02 9.198457711973281326e-01 2.648795553132245531e-02
-1.939327934960653579e+02 9.273849257649134925e-01 7.180138460930392263e-02
-2.007766147896105906e+02 9.365110101020515110e-01 -2.804134269187588246e-03
-2.014273722116114698e+02 9.630425163737730276e-01 3.173422795152230479e-03
-2.012930455958120319e+02 9.917970683824397504e-01 2.193471987164131998e-02
-1.875163512341539729e+02 9.927501235975542127e-01 9.809000499009760954e-02
-1.839586888720402840e+02 9.546450163932779232e-01 1.099377946607482948e-01
-1.972219983263553331e+02 8.940463258269076841e-01 4.773599105794756187e-02
-1.984377464610493007e+02 8.800488461027743403e-01 3.066545273291915868e-02
-1.962884574702626423e+02 8.316835182522541725e-01 -2.250516064573325568e-03
-1.784184957357424537e+02 7.874180743590235565e-01 -8.160984920735736559e-02
-1.744979308843480510e+02 6.990948571382442633e-01 -6.689893561458221116e-02
-1.571790607389657737e+02 6.676628686780791133e-01 -1.108269002293096606e-01
-1.631373564698072869e+02 7.483100475820878561e-01 -1.156356984599934135e-01
-1.729782592191975255e+02 7.425118733748607980e-01 -8.682863377326636989e-02
-1.840273813789105191e+02 7.358408745224447323e-01 -4.088924177517383463e-02
-1.867010744685615578e+02 7.488856076775167736e-01 -3.239087901375509865e-02
-1.940132963956979779e+02 7.951954070884009740e-01 2.021780249145992830e-02
-1.942867311095427283e+02 8.039607851709976716e-01 2.878668178050607096e-02
-1.950997964445980699e+02 8.119961883684835291e-01 2.344075406183274840e-02
-1.889169024384140698e+02 7.953701611621083467e-01 6.854802405900997653e-02
-1.744310166990787820e+02 7.734553559129805356e-01 1.219943426733809677e-01
-1.765933007668585901e+02 7.596720671631651545e-01 1.115080329565360656e-01
-1.788800295995218335e+02 7.270880146305432890e-01 9.279632471605309130e-02
-1.911800026050650274e+02 7.590669053142463651e-01 1.480549050115299164e-02
-1.845505370343471441e+02 7.358895448587253751e-01 6.758495145572837592e-02
-1.439733647008413584e+02 4.899420966346010875e-01 1.410714642316723832e-01
-1.563481825415757100e+02 5.615482405536291743e-01 1.206954334807033014e-01
-1.545795118135400799e+02 5.449368337040605415e-01 1.201521566989916384e-01
-1.903756307341607226e+02 7.749172382229431166e-01 -2.248929482147403458e-02
-1.690899772340156915e+02 7.203713354663077162e-01 1.283501417324619809e-01
-1.911420538151792243e+02 7.922545996529589685e-01 5.302000375607921617e-02
-1.884906479335135430e+02 8.499636503794677500e-01 8.501129979995739050e-02
-1.787622672558275951e+02 8.922273447926751810e-01 1.233831450332434632e-01
-1.938030463034164654e+02 9.663660113991395795e-01 7.439156397995112802e-02
-1.989544279522239094e+02 9.314531908754655198e-01 4.220097795605255719e-02
-1.974014205545387028e+02 8.639241950364772160e-01 3.468631589534896392e-02
-1.993135492485741054e+02 8.883362888620952580e-01 -8.055123419588973779e-04
-1.946417862348342283e+02 8.242226640428945705e-01 4.115151331669891777e-02
-1.937454993709053781e+02 7.929644362799956880e-01 1.522258538214239093e-03
-1.967458424031792958e+02 8.412303969946877125e-01 -4.676707277963597885e-03
-1.960502921442647448e+02 8.287003325948709698e-01 2.629871157582656591e-02
-1.956993719933767863e+02 8.901789738942417207e-01 5.714873115262634334e-02
-1.969703044850960225e+02 8.916043948199178226e-01 4.897603025181331698e-02
-1.863642762309499403e+02 9.385675677688526397e-01 1.018317886306550207e-01
-1.793839233298876081e+02 9.603648181593267275e-01 1.235620700217093804e-01
-1.984950641470992139e+02 9.445676734426243781e-01 4.764046655032784516e-02
-1.949569701210602091e+02 9.618392625844709443e-01 6.899885630072391529e-02
-1.815356890040946780e+02 9.938368883410051424e-01 1.167497963699578312e-01
-1.966627677633576639e+02 9.974473906632855824e-01 -4.359197965665145835e-02
-1.994966879886009679e+02 9.386338107017510035e-01 -2.019975781869991910e-02
-1.972166756851544562e+02 8.574617457520704589e-01 -1.128640667952864572e-02
-1.964259542211490555e+02 8.289944084693466886e-01 1.529242439609156297e-02
-1.881291253224589184e+02 7.699899058317916101e-01 6.250751948743740738e-02
-1.941113455655321332e+02 8.010064619008135933e-01 2.818749464289829407e-02
-1.964569491524952127e+02 8.473742099642461723e-01 3.595747165978120663e-02
-1.999059218162248612e+02 8.981534230684063980e-01 1.151543930053974471e-02
-1.990657684307091984e+02 8.971853772583741060e-01 -1.112493593772862638e-02
-2.007043928261086592e+02 9.241884299340098474e-01 4.994425505538924344e-03
-1.960881281182572309e+02 8.665038579037184219e-01 -2.634508132693647725e-02
-1.952818451149217651e+02 8.479616547703779927e-01 -2.479838371744523193e-02
-1.969494804374189698e+02 8.407567715452991530e-01 2.228694233951391060e-02
-1.954877042811764056e+02 8.287340935878033665e-01 3.484945240841971770e-02
-1.951472886765613453e+02 8.437864742730564194e-01 -2.392901747123692135e-02
-1.829283829862710888e+02 7.794292794137031022e-01 -6.356126216527753503e-02
-1.902410520895360833e+02 7.562571466552168165e-01 3.396954284617347691e-02
-1.805359881622079001e+02 7.679389582000257786e-01 9.865096797941901030e-02
-1.854817229306975150e+02 8.671376965115576985e-01 9.930420958759314520e-02
-1.617101784794665491e+02 8.647691009862409350e-01 1.681096372468716404e-01
-1.730663879915807399e+02 8.302611250998958026e-01 1.347686741936568455e-01
-1.831317708946348830e+02 8.566246694195002176e-01 1.062164894152257261e-01
-1.833702158748923807e+02 8.340811137294974476e-01 1.021069642122804100e-01
-1.919366591961368158e+02 7.783365724522508522e-01 3.556157527467260215e-02
-1.865355138935429693e+02 7.637836256704871873e-01 6.924152529871957507e-02
-1.990659567266627050e+02 8.794571070636347798e-01 3.330955084747060091e-03
-1.967208076667266710e+02 8.402176385852530016e-01 2.655530643394567875e-02
-1.891533112857667334e+02 7.430259300101391684e-01 -4.856408136077267068e-03
-1.811701256846087347e+02 7.345257593501084425e-01 -5.426362757603113429e-02
-1.868752302965906722e+02 7.580266891366017612e-01 -3.646836867882181921e-02
-1.727025847164021854e+02 7.317369232534076673e-01 -8.455178332780310946e-02
-1.924744446548358496e+02 7.825711369542771578e-01 -7.024550672957712190e-03
-1.880132193269572554e+02 7.348262194999025665e-01 -9.849065848131640169e-03
-1.900493596868157908e+02 7.464030276700298616e-01 1.311388663228203397e-02
-1.891185184609388159e+02 7.422454248718080017e-01 -4.227750375597271772e-03
-1.956032089420761224e+02 8.289580777642037157e-01 -1.037249925192469148e-02
-1.968261085906231074e+02 8.516359623876755824e-01 3.424236960961647702e-02
-1.932852887672793543e+02 9.103112363887003733e-01 7.308857452165258561e-02
-1.971518946885965420e+02 9.109910956703343166e-01 5.198081318941710771e-02
-2.011754265251547338e+02 9.456182480792632017e-01 3.881335968824610027e-03
-1.981252318744974161e+02 9.777680671894098952e-01 -3.483237764927438890e-02
-2.015725728973286550e+02 9.971240804567453875e-01 1.907181537932305451e-03
-2.002979281870878197e+02 9.767118631219964264e-01 3.499474256303313630e-02
-1.954412678179052421e+02 9.848797214238549369e-01 -4.944470546295112734e-02
-1.994197637044484566e+02 9.824072272663580963e-01 -2.609719046520328489e-02
-1.917819533813765815e+02 9.301611983055112498e-01 -6.126215732885278292e-02
-1.995411993152564776e+02 9.733287636791996267e-01 -2.459761504280319130e-02
-1.923149602290564815e+02 9.806654422950540351e-01 -6.258675893623455444e-02
-1.790664293145983379e+02 9.905575246876939799e-01 -1.037369663021335819e-01
-1.835852553905734510e+02 9.731495472346229914e-01 -9.103607032963081935e-02
-1.981182002057987006e+02 9.973175676091494690e-01 -3.535877203562804577e-02
-2.015729126756832557e+02 9.771312833977363610e-01 4.244823894411019205e-03
-1.957862794788835004e+02 9.432043976327804113e-01 -4.500152181467498291e-02
-1.992569144353699073e+02 9.787203281362939489e-01 4.421663177461221395e-02
-1.994109921775142311e+02 9.365755411495916283e-01 3.907098093187048871e-02
-1.956913186728570793e+02 8.205652702256780451e-01 2.286082765801019864e-02
-1.888467500500271683e+02 8.447047809904451032e-01 8.246756836891044884e-02
-1.958280108539555897e+02 8.414412965881440387e-01 -1.661751855267042804e-02
-1.908078935131131004e+02 8.149908430039455309e-01 -4.002972768580307511e-02
-1.957385614905478803e+02 8.180971431153125639e-01 9.967814159584656442e-03
-1.935671248085357092e+02 8.084632212395684858e-01 -1.741486350588472565e-02
-1.963544742308571642e+02 8.333464801313885673e-01 -3.017650171307736419e-03
-1.958144871159375384e+02 8.418743168617194295e-01 -1.701254363567097222e-02
-1.917332930480121718e+02 8.003138481438915042e-01 -2.759990240786711763e-02
-1.875980937370958088e+02 8.089570351768309298e-01 -5.363654817978632389e-02
-1.915376597561948984e+02 8.538816840467841063e-01 -4.876245827253811865e-02
-1.899683746640612583e+02 8.640184894100870761e-01 -5.805680377682662097e-02
-1.952219877677709405e+02 8.370674645772416822e-01 4.282100858442308006e-02
-1.763071626541638182e+02 7.884913823524875021e-01 1.185901922454200286e-01
-1.975967904758057614e+02 8.524158293828705268e-01 2.224288033026788208e-02
-1.909456418687356347e+02 7.698266021891009281e-01 -1.298312425904893201e-02
-1.878175184199795638e+02 7.690211221305662814e-01 -3.661101942419343197e-02
-1.895436966880378122e+02 7.648305934113073246e-01 -2.221686046229093964e-02
-1.870096025126528900e+02 7.802655708633190468e-01 -4.607173711926160903e-02
-1.839125874240410781e+02 7.615837074013185326e-01 -5.317630667589276494e-02
-1.660814931971063402e+02 6.678836222140926981e-01 -8.452921542328876992e-02
-1.813645118652317478e+02 7.209279119347934417e-01 -4.705018958811443136e-02
-1.807777876363490748e+02 7.443463474963478710e-01 9.045657202866341784e-02
-1.906729153828446783e+02 7.667439640602518036e-01 3.971871852343816095e-02
-1.894670649754983174e+02 7.403199379233592614e-01 1.048730304331310995e-02
-1.905346433533387938e+02 7.524683935534288715e-01 1.982344415468694637e-02
-1.919900631463210914e+02 7.910137916188498819e-01 -1.986320096695273416e-02
-1.961595754034650838e+02 8.571558039123020611e-01 -2.185156685990219047e-02
-1.947790517184174917e+02 8.543685575932461473e-01 5.346013318355775229e-02
-1.920457767662592516e+02 8.046070434479987155e-01 5.257741791670531017e-02
-1.912738680786002021e+02 7.726200592641088161e-01 -1.194399741664713133e-02
-1.971091399822853987e+02 8.433592189188076071e-01 2.199788919704552884e-02
-1.956820691573641966e+02 8.683060460054310425e-01 -2.990628040655081768e-02
-1.962410721508607878e+02 8.363161405666705850e-01 3.075096006275642585e-02
-1.796820054303986467e+02 7.458864121137730452e-01 -6.484564361559386203e-02
-1.627630917936198784e+02 6.870845859935479361e-01 -1.010292551061597183e-01
-1.934322607729656909e+02 7.946531316958580504e-01 -6.928054068388382961e-03
-1.867081421814349369e+02 8.153950103031376573e-01 -5.932375833522211123e-02
-1.953285477711249030e+02 8.125247512025277619e-01 1.654997913636266013e-02
-1.915156390475826242e+02 8.155831729594195112e-01 6.087857091828473288e-02
-1.981017557485693885e+02 8.791510210154775962e-01 3.444634244075246710e-02
-1.982715369191178070e+02 8.775229328857766520e-01 3.147028552632039067e-02
-2.007732413537513025e+02 9.354627619026876229e-01 -2.327495112179044437e-03
-2.001127471744426316e+02 9.114688460554691840e-01 -2.165809251858772863e-03
-1.919498445775515734e+02 8.759628427658124883e-01 -5.211006111756696230e-02
-1.985087154848969533e+02 8.776283766051407031e-01 -7.300607878105434476e-03
-1.954140036968748859e+02 8.441801297436417606e-01 4.459851931565776695e-02
-1.828396889306159210e+02 8.291065040122225227e-01 1.031909631361015711e-01
-1.846641375487228061e+02 9.016934457828532645e-01 1.055389653008881462e-01
-1.883977039032205312e+02 9.110552082259055773e-01 9.320218658268331069e-02
-1.915474270092650499e+02 8.781469948413956894e-01 7.658860342220552564e-02
-1.894761230597175938e+02 9.170419728136463000e-01 8.962458565171871339e-02
-1.956071446387281014e+02 9.153768637834701627e-01 6.202127761256795435e-02
-1.976487467956540627e+02 8.676591794877406283e-01 3.381642585941894291e-02
-2.006325561983445311e+02 9.450557135149644239e-01 2.673792988901346063e-02
-1.895437269289668336e+02 8.630911384776391859e-01 -5.958861668791263361e-02
-1.787987207237922576e+02 8.357936839503520288e-01 -9.062638746232493103e-02
-1.905563888608018601e+02 8.443875175709271153e-01 -5.078607329626051714e-02
-1.941153216633650231e+02 9.316726924281735212e-01 -5.163670746820871182e-02
-1.985241056232301275e+02 9.341442648667500626e-01 -2.731489120001390908e-02
-1.992059292531972403e+02 9.537215502171275672e-01 -2.522719964730471900e-02
-2.002376687951616248e+02 9.773473090549179565e-01 -1.868766487273570975e-02
-1.992872457758983842e+02 9.749940824008869189e-01 -2.671133047811262082e-02
-1.934072929877711147e+02 9.940759822965260506e-01 -5.850129069127882331e-02
-1.997029915797164108e+02 9.548110026064201561e-01 3.902720745126222329e-02
-1.976875358187130871e+02 8.566868273118681820e-01 -3.443673041721101793e-03
-1.973767469267787078e+02 9.064829949510576634e-01 -2.954544022577324305e-02
-1.992256103779824628e+02 8.854161743941113549e-01 2.027933461849386332e-02
-1.972349451304364436e+02 8.748321049598927202e-01 -2.032596102258912157e-02
-1.999891059645717633e+02 9.090625012712498787e-01 -3.144200119746114706e-03
-1.959000802067058373e+02 8.338599703182997258e-01 -1.055719619562186205e-02
-1.900995155853122469e+02 7.997289876430163647e-01 -3.776866335499133587e-02
-1.961057360172459312e+02 8.289092499543209147e-01 -2.387008620298702519e-03
-1.928444705172716738e+02 8.071134998129477767e-01 4.758012323927354736e-02
-1.964237021050244039e+02 8.287810519892918615e-01 1.433996981079845891e-02
-1.897842299951904010e+02 7.554142655310949195e-01 -1.176810098905615998e-02
-1.882425643810301779e+02 7.513342658048226541e-01 -2.295300998417958496e-02
-1.834874203457468980e+02 7.325648281001274631e-01 -4.208631897010816497e-02
-1.881913981452190967e+02 7.317368096008740608e-01 -2.825491012377872885e-03
-1.918087632699299263e+02 7.663652227537447459e-01 1.461714059704639739e-02
-1.896424314662054940e+02 7.431273037322105868e-01 2.187612046482785219e-02
-1.583688144871256043e+02 6.370812768334580545e-01 -9.756467545114476392e-02
-1.568326140202304657e+02 6.881264104964355255e-01 -1.174083309574842637e-01
-1.745524586216476450e+02 7.198555547826613887e-01 -7.453132482469373987e-02
-1.531851766740705898e+02 7.287012825399945548e-01 -1.356262199668177293e-01
-1.747262391585054502e+02 7.513314939198744158e-01 -8.382645163404434108e-02
-1.936846921081139783e+02 7.908900505364055977e-01 4.559538178635089492e-03
-1.897080772307969312e+02 7.427094717244023814e-01 1.483753456815469461e-02
-1.935084244473374042e+02 7.948202441124115891e-01 3.085997834963176770e-02
-1.934243410725605372e+02 8.156951924136582877e-01 4.737797583268625601e-02
-1.994217684291425030e+02 8.867115244127290463e-01 5.349699267914065359e-03
-1.962227780665655246e+02 9.116352420683043745e-01 5.795536938048482384e-02
-1.977243970334002370e+02 9.682079485875249025e-01 5.438110522915221012e-02
-1.965104812584687295e+02 8.422733720682155090e-01 3.176123888593930522e-02
-1.975316995852192008e+02 8.705504077168694232e-01 3.667466400551116362e-02
-1.963159665915234484e+02 8.269567786650978691e-01 1.345561396092508771e-02
-1.770606462443797113e+02 7.538002727694780303e-01 1.083280302697467584e-01
-1.751788641926260937e+02 7.800851287883865393e-01 1.207809234799567255e-01
-1.817959773780355874e+02 8.462063739569390952e-01 1.093984741513567421e-01
-1.960896853844820953e+02 9.319965109585897078e-01 6.133307465192493896e-02
-1.952895042835525032e+02 8.848400087134156156e-01 5.848803205348322015e-02
-1.886616312305721124e+02 8.758048851037831817e-01 8.845694956317930180e-02
-1.978901937872670942e+02 8.625811351096324131e-01 2.687940095109063107e-02
-1.954232196123749361e+02 8.135142725592926505e-01 1.436818425351058144e-02
-1.946111972650114694e+02 8.042533860732531403e-01 2.213887618714917294e-02
-1.925101869667510925e+02 8.896769591242336128e-01 7.395993548151848229e-02
-1.949815964263182479e+02 8.337597270778461800e-01 4.330190036356509203e-02
-1.933163428378333037e+02 8.280711872632926518e-01 5.391733096647299828e-02
-1.998242519555967647e+02 9.393505727173988573e-01 3.552580194923320167e-02
-2.003583833165775729e+02 9.507711591150741492e-01 3.166300086410017700e-02
-1.935752879845128973e+02 9.401397649886680252e-01 7.438170841165228642e-02
-2.015428821356957769e+02 9.878375490202958575e-01 1.557704986695413601e-02
-2.015135318248998431e+02 9.784723602373853746e-01 1.562921346340771442e-02
-2.016272741052919173e+02 9.956347722136683620e-01 4.950073707945815832e-03
-2.001557668194940049e+02 9.589565271401364610e-01 -1.748552454713770202e-02
-1.967373039407425495e+02 8.861338717776534590e-01 -2.837552976737390056e-02
-1.881161863303491941e+02 8.843759622078163352e-01 -6.888700045511753078e-02
-1.907326312180626644e+02 8.471141319655154378e-01 -5.071222518581746525e-02
-1.880352222610229944e+02 8.719662851996193842e-01 -6.709394997360926260e-02
-1.994872970758127053e+02 8.941297006405932724e-01 2.225151382540359324e-02
-1.984406177508888334e+02 8.707041364287895213e-01 -2.672766822958557234e-03
-1.997280468395566970e+02 9.000623118449284643e-01 -1.897212823221237389e-03
-2.011263826865602198e+02 9.815516519718527899e-01 2.472551554996525736e-02
-2.003039179763130733e+02 9.834805103441477403e-01 3.511994338276094862e-02
-2.009267980271461909e+02 9.434418374245487904e-01 2.076982393168707100e-02
-1.792165816954656066e+02 9.820691476091044647e-01 1.237385662996588198e-01
-2.007557919248505982e+02 9.502645402797664786e-01 2.612864849164493741e-02
-1.972720087035810934e+02 8.474269402138943086e-01 -1.413334852984809552e-03
-1.897654598873592136e+02 7.711118923267252789e-01 -2.478211405233467571e-02
-1.673952777116311665e+02 7.623206640865847206e-01 -1.076477472545058073e-01
-1.697643345889852071e+02 7.261389775290746362e-01 -9.198216690611486779e-02
-1.798836029970778441e+02 7.286671821958562445e-01 -5.737619624137402924e-02
-1.935052638256128432e+02 7.918848983360612381e-01 2.705553322441575648e-02
-1.884262726389303282e+02 7.616537528504908616e-01 -2.858054350340337099e-02
-1.920684837949709731e+02 7.702672092148798999e-01 6.517689002614084418e-03
-1.930061419064627728e+02 7.812603331473820800e-01 1.719764552831489629e-02
-1.940585161839221939e+02 7.947107933388425360e-01 1.612927584179968399e-02
-1.853262444626346053e+02 8.088567450274382065e-01 8.954604569110215240e-02
-1.874409413735715191e+02 8.756138075403713250e-01 9.315614457601252563e-02
-1.888091924408255124e+02 8.492210385577588783e-01 8.351897779753814088e-02
-1.931591754879153200e+02 8.287148865991217361e-01 5.526045790321142126e-02
-1.926751784435156196e+02 8.307622195819459598e-01 5.918093984583495254e-02
-1.940450374938300229e+02 8.587847289033395670e-01 5.952800834765597376e-02
-1.830809348368125882e+02 8.218783773169949791e-01 1.010411237021462821e-01
-1.810042285518374285e+02 8.788078499984257608e-01 1.155380843758890413e-01
-1.706424929207168475e+02 8.827998252364797072e-01 1.456875442031571877e-01
-1.886925107728636988e+02 9.112101898870378358e-01 9.212295250220195464e-02
-2.002268891592835871e+02 9.072256126199810256e-01 1.087604060678844936e-02
-1.913665362908292593e+02 8.274264373301729592e-01 -4.157151046224214636e-02
-1.940053121346463740e+02 8.118969974612693097e-01 -1.548228081314181707e-02
-1.931052317342972060e+02 7.841750752860845441e-01 2.254381262789763654e-02
-1.865110998797946422e+02 7.818132350053804691e-01 7.639156702193125592e-02
-1.882928708339599666e+02 7.505328915701495740e-01 4.984807503194904621e-02
-1.955145739680503141e+02 8.193877365534916191e-01 -1.672360391462599655e-03
-1.868123973394392578e+02 7.654775414180267079e-01 -4.057805260363365335e-02
-1.883185421963733575e+02 7.423470637241380565e-01 -1.459396707768216214e-02
-1.898987176582730854e+02 7.480760774064650898e-01 2.368207764973756209e-04
-1.898684131788486127e+02 7.454223740718851632e-01 6.378948732706052685e-03
-1.888768951970670003e+02 7.463968713312052472e-01 -1.267192189941029022e-02
-1.895128094719507601e+02 7.407882876517846160e-01 1.064867021097396643e-02
-1.936076789939086495e+02 8.110558224423819462e-01 -1.879074659942043743e-02
-1.919940152444611954e+02 7.827475279483578907e-01 -1.329603059070961352e-02
-1.952827324607445121e+02 8.113204492725778483e-01 1.172758446698447289e-02
-1.957579555935128042e+02 8.239429564751891144e-01 -2.894110762798375765e-03
-1.977932372455917687e+02 8.721121311500940054e-01 3.450454490957119424e-02
-1.977705967652705112e+02 9.139647023926567027e-01 4.820917782537779278e-02
-2.000377114372701612e+02 9.023919402901194875e-01 1.357697364495239443e-02
-1.984224878803834713e+02 8.639006468970598096e-01 1.057105649958496596e-02
-1.956514516890948698e+02 8.192523224715071439e-01 2.160955725833576743e-02
-1.929472963912872387e+02 7.893490989165273808e-01 3.323227575580212784e-02
-1.943823234880098312e+02 8.044657129922736516e-01 -3.354181957936779295e-03
-1.971311671562719710e+02 8.464065369901502267e-01 -3.143084602568760495e-03
-1.956765786733289474e+02 8.800161688854490905e-01 5.493468909676633982e-02
-1.867353122863826798e+02 8.983526233358752888e-01 9.815900084748632737e-02
-1.787884844265380764e+02 9.281689759801592388e-01 1.249000651995584299e-01
-2.011688316859801375e+02 9.428047128907417473e-01 8.302457185772681159e-03
-1.987433512779439582e+02 9.202858521913175327e-01 4.179910533326564037e-02
-1.997655180664934562e+02 9.386836573702473929e-01 3.600543349726459397e-02
-1.972676672399612130e+02 8.566661567917658315e-01 -1.007168967988340651e-02
-1.962547925568179039e+02 9.006158000036617040e-01 -3.540993102209579607e-02
-1.911334717630044224e+02 8.809804829042480190e-01 -5.665308267805514719e-02
-1.997713974193340221e+02 9.149609063078405491e-01 -1.002711308795739206e-02
-1.944239944038628778e+02 9.286126799810179300e-01 -4.984846658144688469e-02
-1.937455189213242193e+02 9.689218748760257682e-01 -5.635340419716785426e-02
-1.814607939901316058e+02 9.531682641549243939e-01 -9.618985901979656972e-02
-1.962406270498645995e+02 8.963721536874011964e-01 -3.448683447420936715e-02
-1.988607748781515454e+02 8.801296372338256457e-01 2.369735264290511595e-02
-2.001478893878374095e+02 9.582251444658587136e-01 3.508586161223677807e-02
-1.964364808695986255e+02 9.217110186627318624e-01 5.815935802494234808e-02
-2.009470801618002724e+02 9.409104812233104465e-01 -9.657617209483599155e-04
-2.005513174070778177e+02 9.463522284111736127e-01 -1.027953291345831341e-02
-1.978471156067686252e+02 9.447195110405552931e-01 -3.359998265588438199e-02
-1.991338218397434616e+02 8.996428767196356091e-01 -1.145525458494261323e-02
-1.872586125905770018e+02 8.702118342173110754e-01 -6.958802813875152038e-02
-1.761809571679774820e+02 8.386764278810340256e-01 -9.852402889389484664e-02
-1.669732966626148709e+02 8.477666085978987631e-01 -1.230909208679764472e-01
-1.560991139427334247e+02 8.412935566002753829e-01 -1.465723059497835712e-01
-1.783664325056784890e+02 8.731463427870955751e-01 -9.751759486334909965e-02
-1.926616836689659067e+02 9.344701864316268258e-01 -5.818598593068600999e-02
-1.974705671644999541e+02 9.222034578984765751e-01 -3.236673039250403255e-02
-1.937888878886547843e+02 8.526724824273551606e-01 -3.661578887786708786e-02
-2.006018739918564222e+02 9.758168712491445129e-01 -1.467867706274602300e-02
-2.003200908493573138e+02 9.100181668004018176e-01 1.037797673222648487e-02
-1.966392294629251296e+02 8.526479413361058857e-01 3.701894705816573955e-02
-1.861949312299427106e+02 9.282424226918898347e-01 -8.060440190810798378e-02
-1.882471399419389684e+02 8.961952479247372594e-01 -7.018170300942577766e-02
-1.979767489913031113e+02 9.063126893053965460e-01 -2.507937395459203939e-02
-1.976803399303240383e+02 8.899701474770579379e-01 -2.234193431052221290e-02
-1.969543247062010209e+02 8.373726106996975949e-01 8.756574937439863190e-03
-1.977881174383914527e+02 8.591343487673670509e-01 -4.013286060496893543e-03
-1.959231810040814707e+02 8.497316850528553456e-01 4.266320892824734118e-02
-1.989271533416998921e+02 8.919486187007020783e-01 3.042242675864610668e-02
-1.978333328752211173e+02 8.526083541363828067e-01 1.013862500087293547e-02
-1.985687354562100211e+02 9.146387845295390617e-01 4.202293707374158555e-02
-1.968225311846146894e+02 8.700341563619473639e-01 4.332009144992862715e-02
-1.976097804792766510e+02 8.586475387292463735e-01 -6.647704841678042306e-03
-1.944526984501377456e+02 8.973862759626587415e-01 6.555369647363826213e-02
-1.918090060542186848e+02 9.771757037556658698e-01 8.276671600543916707e-02
-1.882743343550537247e+02 9.802288984288736184e-01 -7.690333700017581986e-02
-1.997625654971512574e+02 9.795832367844881094e-01 -2.317120346195161371e-02
-1.943380246106416678e+02 9.559390820698588920e-01 7.169964088048103035e-02
-1.819149117230196566e+02 9.681274795910046471e-01 1.161628184558370913e-01
-1.823263376062422196e+02 8.910531682181720425e-01 1.123511360529576286e-01
-1.842034357769735777e+02 8.777020922458695917e-01 1.049799378311299658e-01
-1.815346956680596691e+02 9.197207124513622212e-01 1.164998524272492786e-01
-1.903645650847503248e+02 9.140626752511137321e-01 8.594190165171623763e-02
-1.982819087266523468e+02 8.705316223506321949e-01 2.662284925785863773e-02
-1.920549326051101957e+02 8.186789754084461412e-01 5.866102813776832153e-02
-1.960052062614172712e+02 8.235041014730403175e-01 1.900982434256574469e-02
-1.959094148330071619e+02 8.712585283729944452e-01 -2.935115418631015216e-02
-1.891032718857121040e+02 8.920651376935070376e-01 -6.649408454586105965e-02
-2.014170602660689156e+02 9.616050421105017953e-01 3.532964008655624377e-03
-1.971047004653995600e+02 9.561944494269454253e-01 -3.931052960835532128e-02
-1.995186785477438320e+02 9.754509344551565153e-01 -2.492972560654165351e-02
-1.996380526858275744e+02 9.781480037614490586e-01 -2.412952205185769222e-02
-2.012111841001197945e+02 9.507269642534220688e-01 1.495726549140151060e-03
-1.991296640898154067e+02 8.973022537590420455e-01 3.031556656304191730e-02
-2.009218416092296593e+02 9.395546112975946551e-01 1.902912510327543077e-02
-2.014834834150284451e+02 9.667785989394203083e-01 1.314504507041486941e-02
-2.013632272937663856e+02 9.965859405419763561e-01 2.030776272455851739e-02
-1.860164063065221569e+02 9.532429109288331759e-01 -8.294819477928773443e-02
-1.979162155856525089e+02 9.868711961881381223e-01 -3.644904000037992725e-02
-1.889630112361526812e+02 9.632577805526026937e-01 -7.397889776879956747e-02
-1.992671732822445563e+02 9.418771762349684717e-01 -2.285885834664068417e-02
-2.015518498229110094e+02 9.789570765683320852e-01 2.533586256750415197e-03
-2.016044060548913137e+02 9.929249520945074847e-01 1.291683024873797360e-02
-2.014901278974847116e+02 9.658728719330648138e-01 5.032943078648067885e-03
-1.986208610935016168e+02 8.948244544198997730e-01 -1.528856669861756654e-02
-1.990560107929105982e+02 8.786071683955264389e-01 1.610954592558493104e-02
-1.987845590764861186e+02 8.969150008419128906e-01 -1.438815609792301435e-02
-1.978132796842440086e+02 8.814815354285048254e-01 -1.778865308579504617e-02
-1.964390235664920965e+02 8.426574764689623853e-01 -1.052321513327593612e-02
-1.979591912257389197e+02 8.554436068023595352e-01 1.476983364785619708e-02
-1.968428930151127361e+02 8.656102812185061390e-01 -1.975797012595127689e-02
-1.968624211541248599e+02 9.068627663539129413e-01 -3.306148663521321640e-02
-1.849196325156127614e+02 8.874993247149653985e-01 -8.011261142578424144e-02
-1.971374273034642215e+02 9.176721045753503114e-01 -3.361647845856816086e-02
-1.981955298331311042e+02 9.388248285411151528e-01 -3.045124736246445848e-02
-1.972202889090922895e+02 8.471046573738502117e-01 2.430240220665977682e-02
-2.009361578769701282e+02 9.320377303034567129e-01 1.005584678069750861e-02
-2.005542153071142764e+02 9.208036335557261420e-01 1.654028192538252104e-02
-1.977988036573092927e+02 8.871352171253884533e-01 4.086136829739227955e-02
-1.974561980541061530e+02 9.639954665185757055e-01 5.584352039921598732e-02
-1.962094695143379397e+02 9.450686686242676382e-01 6.181625227596673766e-02
-1.969126449030358117e+02 9.521405401794575951e-01 5.839058090289474950e-02
-2.004884761179581574e+02 9.552155975666032361e-01 3.081392310323621125e-02
-2.004437621415896160e+02 9.223277772962705789e-01 -2.143245869263131313e-03
-1.891280627744161507e+02 8.871536723154577198e-01 8.806972083475002322e-02
-1.735877691125587603e+02 8.217875679571402525e-01 1.322358458668074499e-01
-1.836153453370455395e+02 8.052197243121205217e-01 9.563362749680139052e-02
-1.840722558073981645e+02 8.483611190093781618e-01 1.018000707326015275e-01
-1.934518389820294146e+02 8.390357290033313431e-01 5.711061543474825475e-02
-1.964527985996538177e+02 8.296842481339196107e-01 6.597598584524717348e-03
-1.944251957016100221e+02 8.035464819486636268e-01 -1.163466321347995675e-03
-1.937113020325705008e+02 8.246423195004674023e-01 -2.572603495787342820e-02
-1.990294296641928327e+02 8.818274675429670362e-01 -9.605487334155321695e-04
-1.927961041388007288e+02 8.227661218519496389e-01 -3.129782340193733997e-02
-1.972083713167148176e+02 8.416311269221214975e-01 8.959492206883594781e-03
-1.953678818662297658e+02 8.340262593754346199e-01 -1.666563643669127445e-02
-1.997552075486367755e+02 8.990076437497835915e-01 2.003519572889862072e-02
-1.987923715740307387e+02 8.731907070949223026e-01 3.868825932808179439e-03
-2.013248707478526853e+02 9.515980506101384684e-01 9.431083523973409627e-03
-1.967724062657592015e+02 9.205679155515462675e-01 -3.640191403901394535e-02
-1.991198072110927342e+02 9.386459960996823559e-01 -2.349149707203417037e-02
-1.919711641197495169e+02 9.913540419995652275e-01 -6.413139739179478382e-02
-2.014596349694749620e+02 9.805491175578600060e-01 -1.026081982824154394e-03
-1.998271982465855672e+02 9.702788051576003436e-01 3.918984757955440434e-02
-1.983489064034038165e+02 9.694468350366625131e-01 5.044036719217282611e-02
-1.973772057669039270e+02 9.418999803546364014e-01 5.481849896964579444e-02
-1.996301917645417348e+02 9.152609239892748327e-01 3.125988852639506599e-02
-1.976886578354792050e+02 9.548739123730760614e-01 -3.577275065393419745e-02
-1.972150297682428004e+02 9.495105177614623360e-01 -3.800338700933936914e-02
-2.013954734107613831e+02 9.607889229232606798e-01 2.968234522681795131e-03
-2.003746558770009187e+02 9.618575139184786238e-01 -1.558667542408951820e-02
-1.960942231791316033e+02 9.060441326957038299e-01 -3.755280396248241587e-02
-1.975926639780899166e+02 8.502987382184343801e-01 1.904487468877124126e-02
-1.942295775756375917e+02 7.985319784027422596e-01 3.355281171053626013e-03
-1.878942314575668036e+02 7.663314224994993706e-01 6.221580541747825238e-02
-1.934088992365031174e+02 8.031490156062078833e-01 -1.509830545284305062e-02
-1.948259799750837544e+02 8.216972530125081775e-01 -1.393702300371822342e-02
-1.969734838200658089e+02 8.399476080613519358e-01 2.028946375334880065e-02
-1.992817141550271742e+02 9.621337251916977085e-01 -2.564591766066468340e-02
-1.938461948055272615e+02 9.889630030028465635e-01 -5.661103771487551589e-02
-1.961659253880311269e+02 9.996036362862611435e-01 6.292300899037388262e-02
-1.966400656570579031e+02 9.836078242035845021e-01 6.078382527453939088e-02
-1.853189843908659213e+02 9.930445305849130433e-01 1.052628375773956293e-01
-1.928508837577899726e+02 9.733285704988281495e-01 7.854138376098970808e-02
-1.887102284471813505e+02 8.986350637363603733e-01 9.094100833876024581e-02
-1.811482006152542112e+02 8.846810816263303012e-01 1.155744027284497516e-01
-1.820850275249533183e+02 8.535912801722672638e-01 1.093817002527975590e-01
-1.870960651358648192e+02 7.958261435000326678e-01 7.810438557750415400e-02
-1.812011845825240357e+02 8.498983478571521255e-01 1.118613856596802486e-01
-1.843125161255306921e+02 8.026293117855538561e-01 9.224465676684548421e-02
-1.836901141903713608e+02 7.577599961855223665e-01 8.172039267717445821e-02
-1.771845310470132233e+02 7.423459138406839353e-01 1.047424046859352781e-01
-1.817678876189775963e+02 7.527673671296205571e-01 8.890018207817355911e-02
-1.913343830478548568e+02 7.636012358665830169e-01 1.301138444045349396e-03
-1.897963368193694578e+02 7.617783905129985600e-01 4.468274599686634929e-02
-1.937722440845546998e+02 8.187304678821886172e-01 4.604338336651860042e-02
-1.879777022281585914e+02 8.412291630705132084e-01 8.549516497982329044e-02
-1.999417424758163406e+02 9.129100491564173803e-01 2.569529033336972329e-02
-1.966483438378843687e+02 8.599060335186335946e-01 -1.880663131005513161e-02
-1.995616927934617024e+02 8.913157700221681079e-01 3.095337258557764697e-03
-2.015625812267154515e+02 9.716076867958105545e-01 7.083779029820733673e-03
-1.973998065556746440e+02 9.691981023654743232e-01 -3.866438199205927267e-02
-1.904107995871736421e+02 9.750901546066793601e-01 8.814564233707472551e-02
-2.001683978188534354e+02 9.861642919722063416e-01 3.648515934283750456e-02
-2.010281284384753349e+02 9.735491516473703255e-01 -8.776250525679960696e-03
-1.952022878859544335e+02 9.395308630678264050e-01 -4.747529156114316251e-02
-1.962512825592621937e+02 9.364370023596669812e-01 -4.177931623032017650e-02
-1.925801939950636097e+02 9.943720877214559106e-01 -6.181604201844809882e-02
-1.980500391421635413e+02 9.813066746191153600e-01 -3.545364758188545434e-02
-2.010884706919731286e+02 9.781065152707428823e-01 2.514098947484267460e-02
-2.013322225284420313e+02 9.554042509457613130e-01 3.505180323247134022e-03
-1.968396335954491008e+02 9.658425754186829026e-01 5.946024797939833406e-02
-2.005584288026832951e+02 9.818118184036070950e-01 -1.562036295858814511e-02
-1.997126429462484509e+02 9.853418783653067337e-01 4.060527194065063211e-02
-1.844175916723912678e+02 9.879452099582605173e-01 -8.897258116139461492e-02
-1.969651083015092752e+02 9.248420769743423975e-01 -3.600466160125898041e-02
-1.851870335348588981e+02 9.046849917976980127e-01 -8.140873379202115401e-02
-1.944175924686559824e+02 9.308354981931459271e-01 -5.015637784598742099e-02
-1.928368722316643584e+02 9.026953505095258734e-01 -5.321451303402905536e-02
-1.915102563658644215e+02 8.751983404304670700e-01 -5.389055075505583964e-02
-1.975340472406982144e+02 8.640671825553164487e-01 3.314803771070262001e-02
-1.959179943725092983e+02 8.412715721772275890e-01 3.825039687405915739e-02
-1.960958977879997462e+02 8.566223033578569401e-01 4.421103566427842663e-02
-2.007541434932149969e+02 9.247606783424310306e-01 8.786153372257111960e-03
-2.010414948307468705e+02 9.657457697192418644e-01 -7.317392070902161566e-03
-2.013083678483027086e+02 9.549901990769230631e-01 2.667491904100916661e-03
-1.990818059847105133e+02 8.975156644982192899e-01 -1.108181745503466695e-02
-1.954469684744565825e+02 8.743955859951744181e-01 -3.341981376392954423e-02
-1.989560845858952121e+02 9.049627848147722142e-01 -1.579730569794780826e-02
-1.992845151325797985e+02 9.000376372800954483e-01 -9.637044487664952683e-03
-1.981988883371618329e+02 9.585370237751377198e-01 -3.294889070131971909e-02
-1.900455618217693825e+02 9.311851875789974864e-01 -6.790307826735580976e-02
-2.010771317043380577e+02 9.972827001692738946e-01 -9.341019357790598249e-03
-1.872837447139989706e+02 9.689228747557361299e-01 9.923296987063442987e-02
-1.994469746040471136e+02 9.777463463512271469e-01 4.270095040992150787e-02
-2.011476410418589182e+02 9.871953579803429690e-01 -8.085116305471398007e-03
-1.994361692247426276e+02 9.594769725864954468e-01 4.181130367636187728e-02
-2.015952636157919358e+02 9.950215760592709957e-01 2.847772272741562992e-03
-2.007824561171814821e+02 9.488084195078544392e-01 2.533094728810973001e-02
-1.970635941618319009e+02 9.655063303625294191e-01 5.818837146123949366e-02
-2.001663485430235028e+02 9.726296380269839892e-01 3.612605949786271142e-02
-1.964701531761783997e+02 9.943301656137969458e-01 6.151021538512778386e-02
-1.939250674128942649e+02 9.705376725910400681e-01 7.391046971811601751e-02
-1.992278611066953999e+02 9.849251655457037513e-01 4.449651571247527360e-02
-1.984204015037600186e+02 9.935259401101147470e-01 5.009207644677834970e-02
-2.001730270528166216e+02 9.472552812727385030e-01 3.320699396000959674e-02
-1.960981273028513385e+02 9.199003186907750429e-01 5.987665489801957674e-02
-1.977088468352597488e+02 9.750643143303626692e-01 5.464954932120948822e-02
-2.014371309342351992e+02 9.814105009097570109e-01 1.838003434732334365e-02
-1.929896029984278982e+02 9.865044550865142980e-01 -6.007810722345846566e-02
-1.999305066851808022e+02 9.249872512166388283e-01 3.071029234738270261e-02
-1.959861875509082836e+02 9.024808800034803680e-01 5.782289902748970895e-02
-1.987199748194508970e+02 8.934674056586263680e-01 3.376386666233782696e-02
-1.945201693087619219e+02 9.202486318081488648e-01 6.827777757548772475e-02
-1.981228761365775881e+02 8.760652405872809689e-01 3.259046930630166150e-02
-1.992774950268463101e+02 8.834370514261622453e-01 1.541182296323529918e-02
-1.938978379324326795e+02 9.196905659039547043e-01 -5.106830641284500205e-02
-1.970041795540039686e+02 9.505015818328340638e-01 -3.931171275024909068e-02
-1.847127678418795824e+02 9.114863611591392800e-01 -8.361901404858389231e-02
-1.820858619951902142e+02 8.723788179599559767e-01 -8.675135183594359645e-02
-1.804985640851776054e+02 9.279434946014222252e-01 -9.725310249929407236e-02
-1.781124034653678052e+02 9.530312309835389240e-01 -1.051010434292043438e-01
-1.520150621978481809e+02 8.953552574905370154e-01 -1.598656101769511395e-01
-1.845430323481344317e+02 9.231203393234560517e-01 -8.525425235202156726e-02
-1.952821761773041374e+02 9.387149915504167108e-01 -4.699553438046440157e-02
-1.983580730421225553e+02 8.626674018712620073e-01 9.493492952072210209e-03
-1.991663510041329914e+02 8.920074820660111037e-01 2.686506796307321782e-02
-1.995716965544001198e+02 8.893717853716905930e-01 9.739889431380523155e-03
-1.960645826899026076e+02 8.529903116629397042e-01 -2.068658438850493053e-02
-1.981788449860627850e+02 9.239939208898740874e-01 4.705011025683626669e-02
-1.963950114027486222e+02 9.199276906448047297e-01 5.816137950075326440e-02
-1.992268399240528538e+02 9.373574829798789754e-01 4.086487341689505615e-02
-1.999769858870350845e+02 9.004960774854424699e-01 6.617038764134252835e-03
-1.771595133352153084e+02 8.251997802977839580e-01 -9.346953891540303594e-02
-1.964679874446709960e+02 8.302038132608785537e-01 5.665565138286477766e-03
-1.951598097290849694e+02 8.096327309892074053e-01 1.376672671140645281e-02
-1.975313719341711476e+02 8.472520456324287297e-01 9.001089532481534872e-03
-1.934330926561083857e+02 8.804578559792589632e-01 -4.613802196900933933e-02
-1.964996147149642525e+02 8.861596341602909765e-01 -3.004437924096563239e-02
-1.993985984654788410e+02 9.081960724441907606e-01 -1.200137004815939740e-02
-1.968088526811939118e+02 9.384650460107883951e-01 -3.898161179132057785e-02
-2.006291301618755085e+02 9.921835340958499172e-01 3.157687409900540587e-02
-1.950437159771044264e+02 9.595523566998218623e-01 6.850983515006238422e-02
-1.995951900768806695e+02 8.910043226590530496e-01 1.486520789038229227e-02
-2.009388573102797295e+02 9.321243976014451649e-01 8.601206039877714107e-03
-1.985933632509923257e+02 8.913472807251959784e-01 3.433141347883851557e-02
-2.014424980326599552e+02 9.640176204804351556e-01 3.364640280404938323e-03
-1.989337690785883694e+02 8.892810091429578234e-01 -8.579928325871082409e-03
-1.942699171043180968e+02 8.909019123254857675e-01 -4.424236172541924639e-02
-1.912241747401756982e+02 9.422023003951494058e-01 -6.454974751593377247e-02
-2.009570299246367426e+02 9.415327932159914814e-01 1.912538638698680488e-02
-2.000441345262143216e+02 9.021574463714945313e-01 1.228669043596527025e-02
-1.971956674130739202e+02 8.783297390504709590e-01 4.314609263925121840e-02
-1.965464087268788944e+02 8.365187343826827604e-01 -3.097721550430821043e-03
-1.991548829089044261e+02 8.813942526218643270e-01 1.707446732437076578e-02
-2.004070542306758398e+02 9.202126873923760497e-01 -1.567651567218131606e-03
-1.958256430322676067e+02 9.590919739899216312e-01 -4.628350135297884527e-02
-2.012791803103509665e+02 9.609489650536630068e-01 1.848622293122025376e-02
-2.002793463975908992e+02 9.456349127407116528e-01 3.165701801928546416e-02
-1.896497766453515794e+02 9.679692825672455703e-01 9.094992725088034413e-02
-2.014113173935576810e+02 9.618177948394495136e-01 3.110446018378764874e-03
-1.990731033480543317e+02 9.897864664122051348e-01 4.561934171162913138e-02
-2.005440894950827442e+02 9.732388273600729445e-01 3.213694906008315866e-02
-1.690105657585715448e+02 9.167982129647029854e-01 1.511071308300948601e-01
-1.707262868155310116e+02 8.603922030519786102e-01 1.441144091019368190e-01
-1.758215772691688699e+02 7.468523259731610908e-01 1.111377674020973955e-01
-1.466969633971554856e+02 7.834062167987860814e-01 2.020989812432295862e-01
-1.608232739556322883e+02 7.638502709010108749e-01 1.618438862903075481e-01
-1.496519133449040737e+02 7.367343637755472407e-01 1.899166486614770610e-01
-1.532218221823171689e+02 7.533984477779748223e-01 1.818676613150747301e-01
-1.868326812432394775e+02 7.691566385590095090e-01 6.986043202619431070e-02
-1.934929524308516022e+02 7.883128218243372620e-01 4.870223460860581381e-03
-1.836188624008897534e+02 8.204765924621902906e-01 9.877425727640652686e-02
-1.854776804599045477e+02 8.345180344842789699e-01 9.430792788158161299e-02
-1.944244195143046454e+02 8.200229041417196330e-01 4.072172647366850695e-02
-1.876199922829784157e+02 8.195491079257541944e-01 8.223903865313779427e-02
-1.743609407461959790e+02 8.169255781939198657e-01 1.292766386236799403e-01
-1.800419771087147183e+02 8.007142553276119790e-01 1.080368465705270481e-01
-1.973799241588341147e+02 8.507716540211429646e-01 2.511586088727264451e-02
-1.976615190225201104e+02 8.831093022065420461e-01 -1.991024132613760517e-02
-2.000754921328519345e+02 9.193799091039247529e-01 2.653829271919480939e-02
-1.981876842884033749e+02 9.131643875995338888e-01 4.485245789341864298e-02
-1.944705706671860526e+02 9.816052808263002749e-01 7.148567490945903491e-02
-1.888440578944272943e+02 9.660194172004362700e-01 9.383541365347061736e-02
-1.993389454733059551e+02 9.641961297609024095e-01 4.296368006113951421e-02
-1.985351112408463905e+02 9.970733159544151736e-01 4.922111294749098587e-02
-1.994241728985441569e+02 9.637728880434931478e-01 -2.468739146447158916e-02
-2.008616844236185273e+02 9.540163301295189191e-01 -7.634883984134361104e-03
-2.009318499261743511e+02 9.870403441277197931e-01 -1.129814379325382902e-02
-1.958937006590919907e+02 9.166314914355790933e-01 -4.070067398185774760e-02
-1.981481708591531969e+02 8.782383504062737378e-01 -1.257954446702650927e-02
-1.990059995955763554e+02 9.120943417017780552e-01 3.727938105566491744e-02
-1.871686580964331768e+02 9.092261073372667202e-01 9.750143259058612066e-02
-1.743726869790042997e+02 9.032113337549489973e-01 1.364726768718804162e-01
-1.817620964078877250e+02 9.461382654241389245e-01 1.165477237362523705e-01
-1.976811143426814965e+02 9.961457473252471884e-01 5.466230196348751541e-02
-1.986616604184528683e+02 9.804019593492956375e-01 -3.148499810371323260e-02
-2.016184896748306983e+02 9.862771529167015938e-01 1.173658064791848442e-02
-1.868997015085202236e+02 9.875772018215445147e-01 1.002856748886084282e-01
-1.970151340044447181e+02 9.873612626334195008e-01 5.869704468993949126e-02
-1.948794611035027060e+02 9.983913491993969824e-01 -5.221115698526902771e-02
-1.997595539142433552e+02 9.681414653363480394e-01 -2.232317620414174530e-02
-2.010190549117405112e+02 9.757529298143795549e-01 -9.183445290294762337e-03
-2.016182490934372993e+02 9.889779812645669299e-01 1.203944658305671281e-02
-2.000201982160104706e+02 9.474810919865646053e-01 3.491955464064087911e-02
-2.011163410227507313e+02 9.567359832673738573e-01 -3.668218731035142142e-03
-2.016074779869705651e+02 9.940935368873486944e-01 1.267926732384991317e-02
-2.008853537001802181e+02 9.318557707559530501e-01 4.118655871345776494e-03
-1.981117973798257879e+02 9.866509337896666176e-01 5.220465764429312733e-02
-2.011340191253666490e+02 9.958810531810216027e-01 -8.464797578954090865e-03
-1.994603760396210532e+02 9.811314623668490054e-01 -2.572054462949323328e-02
-1.887710007674557460e+02 9.794964798648743143e-01 9.404756050804108369e-02
-1.988261174492751593e+02 9.601238447664071085e-01 4.662737169041452495e-02
-2.005147229285357469e+02 9.828850961234513184e-01 3.287282119500964384e-02
-1.946120749306658411e+02 8.879951624545575628e-01 6.304026858943227729e-02
-2.004439853349134353e+02 9.476042689574818434e-01 -1.203725596970430488e-02
-1.998609892196839724e+02 9.059440341531144192e-01 -3.595461130000404855e-03
-1.988643043006488256e+02 8.993987979434551194e-01 3.451530734832176928e-02
-1.993107724686313986e+02 8.857284772237452586e-01 1.804215556865188322e-02
-2.003060034747811358e+02 9.152405306886499670e-01 1.943446556096790900e-02
-2.006778915767830256e+02 9.266153266787899856e-01 1.063654100104156983e-03
-1.988476120758211039e+02 8.821175706682375939e-01 -5.009518618034611466e-03
-1.958510412183197502e+02 8.199857030993220608e-01 8.439821118249889176e-03
-1.924950358723783950e+02 7.812967636849359465e-01 -5.111804036663002669e-03
-1.882853325546111023e+02 7.310098353211970101e-01 3.969124584446279873e-04
-1.924081588229723536e+02 7.827054601674328094e-01 -8.127685522165330884e-03
-1.559411220623267695e+02 4.846362822781112856e-01 -2.832598111608391339e-04
-1.566272712454970986e+02 4.951019503234944108e-01 -1.239755564807820849e-02
-1.615292182610888858e+02 6.391662333387678752e-01 -8.849490818032047790e-02
-1.611872290178215508e+02 6.320145049515152325e-01 -8.680924829671886334e-02
-1.705541059764259160e+02 6.860343507973698518e-01 -7.619537336109534487e-02
-1.826460513390825895e+02 7.232713582733785174e-01 -4.164501613338196517e-02
-1.738573821428601320e+02 7.400141606448856768e-01 -8.333261329470324774e-02
-1.917621865415777904e+02 7.786617984023203043e-01 -1.213177351056313191e-02
-1.960284797342021932e+02 8.227766137684305869e-01 7.895902383041279032e-03
-1.914564580717363356e+02 7.772780083368865389e-01 -1.426677352470815188e-02
-1.734732896221579210e+02 7.421603208504683469e-01 -8.517940614078008121e-02
-1.827199673107748481e+02 8.151321044973821595e-01 -7.407478740519229943e-02
-1.884729441994634556e+02 8.968686924816061667e-01 -6.947639641427146018e-02
-1.940735924287796195e+02 8.957509072807156025e-01 -4.621998388047012657e-02
-1.974643257806883412e+02 9.401489529265885103e-01 -3.536366576212379709e-02
-2.016136945088607320e+02 9.804453640939698733e-01 6.214461659729486435e-03
-1.976294277867952758e+02 9.523560027651036819e-01 -3.586596450721757368e-02
-1.998857608235628049e+02 9.299508012341952679e-01 3.270556534694836481e-02
-1.931014314707969675e+02 9.445703129445004453e-01 7.671544082427306233e-02
-2.004922644532322806e+02 9.380517171671383103e-01 2.690035131265401669e-02
-1.986620635800238404e+02 9.027212706798588560e-01 -1.797302740227576731e-02
-2.005152028059420672e+02 9.335081929903091824e-01 -6.539863944543807678e-03
-2.009186423855975931e+02 9.453811010839552331e-01 -3.769182808738162204e-03
-2.005739212887951339e+02 9.270237940208770899e-01 2.075727248614937445e-02
-1.992223310712309114e+02 9.836790655309083364e-01 -2.765358325971411374e-02
-1.982843399681055132e+02 9.497945861253066502e-01 -3.140355772172568477e-02
-1.790343877486707242e+02 8.688260929047385561e-01 -9.509315484612745895e-02
-1.999621020829296469e+02 9.068079216237431295e-01 -2.046102280286845113e-03
-1.982183693313426716e+02 9.071307923130034201e-01 -2.337111172114929997e-02
-2.014743962016220280e+02 9.706372334853613504e-01 1.520215660118650995e-02
-2.009531024218943571e+02 9.422016378275458459e-01 1.956497186023688564e-02
-2.013310012562197358e+02 9.589711305806816188e-01 1.610865040379803534e-02
-2.007062251830489856e+02 9.232118462860694486e-01 7.439728961496977142e-03
-1.992194149107496344e+02 9.337547231664520275e-01 -2.165038880992824905e-02
-1.958761541071783370e+02 9.281559818408436913e-01 -4.263000901596559339e-02
-2.012898789587826514e+02 9.593520293510539032e-01 1.762736363478192847e-02
-2.010872097473762210e+02 9.811434347932045386e-01 2.533996742483807935e-02
-2.013833079043641590e+02 9.665639291945475886e-01 1.716180986673873296e-02
-1.999624300668700130e+02 9.551979858161531167e-01 -1.883968696330259526e-02
-2.004267914651173612e+02 9.233423595237951753e-01 -3.167360973069684432e-03
-2.008279777882502799e+02 9.335918870615176335e-01 2.890454812229936721e-04
-1.997342417978082665e+02 8.995334119936784223e-01 2.106318323335379730e-02
-1.970797542554052768e+02 8.556669828641211284e-01 -1.178042432511010665e-02
-1.948695549445711492e+02 8.126463822595537678e-01 -5.073071276498956721e-03
-1.837643093180868732e+02 7.703680778178986222e-01 8.567615019544944088e-02
-1.852104596329614594e+02 8.040999213531004886e-01 8.887816866775412328e-02
-1.889972511990210080e+02 8.234274975712461142e-01 7.686761854826767992e-02
-1.940431871146323886e+02 8.323811284265543176e-01 5.042239430495380065e-02
-1.886669861275213691e+02 7.374523204219095573e-01 3.240527530486302793e-02
-1.797146439674254452e+02 7.678898134988908497e-01 1.018657951028004160e-01
-1.848315402618555652e+02 7.918897734159262569e-01 8.731736852632385193e-02
-1.890124321103478167e+02 8.121356276422386777e-01 7.362136853425059468e-02
-1.962577465855288494e+02 8.539635730282483239e-01 -1.943621386944992951e-02
-1.991097195446007788e+02 8.956518948841184491e-01 -9.734998786120553985e-03
-2.007596760140884271e+02 9.249862941265778460e-01 1.009740369281499420e-02
-1.915774286460308247e+02 8.980244635930270114e-01 7.928273099249943945e-02
-1.979687609232625505e+02 8.721950137396835556e-01 3.238700299886050626e-02
-2.001738140550286857e+02 9.485815506495066662e-01 3.342899604265089225e-02
-2.014528662824034768e+02 9.904882048270314820e-01 -2.065300443352346103e-03
-2.008912510700137375e+02 9.318402792914450838e-01 1.396704249977607365e-02
-2.009837329124939345e+02 9.582212287068399004e-01 -6.650869529859822910e-03
-2.001231885568431039e+02 9.470924564174316718e-01 -1.571040665034339340e-02
-2.016044213194872441e+02 9.786510526285214784e-01 6.187094927050324281e-03
-2.000623319683700458e+02 9.692110480680655726e-01 3.693793906750657968e-02
-2.015695784365366023e+02 9.796125778715409904e-01 3.232503135223235673e-03
-2.011412481783118267e+02 9.990963460058259749e-01 2.433481494642861231e-02
-2.012033778526416086e+02 9.974438962281449994e-01 2.337781206683594432e-02
-2.013634340933401745e+02 9.607794859778160390e-01 1.620804766021937716e-03
-1.961671286558720908e+02 8.799185141461837167e-01 -3.040823626924280682e-02
-1.983823396327626369e+02 9.040955867734029594e-01 -2.104500122123959330e-02
-1.905038802887131340e+02 8.680388365414734020e-01 -5.668773081290542221e-02
-1.941781107421064405e+02 8.414543380187530230e-01 -3.002627520138186068e-02
-1.846218676226886828e+02 7.889508828272948637e-01 -5.985812837404059367e-02
-1.930277793993130615e+02 8.309971786731934484e-01 -3.329451763777899198e-02
-1.918987693663875405e+02 7.893451504822417419e-01 -1.950502371168299359e-02
-1.970084047775612248e+02 8.452136246285324450e-01 -4.165869329990480249e-03
-1.922870415867662643e+02 7.728306616367650594e-01 1.929946744478028969e-02
-1.928428893193753595e+02 7.831513353320499471e-01 -1.524757051393592355e-03
-1.933499875472234919e+02 7.916668863001423695e-01 -4.582962971867552034e-03
-1.896700477215342744e+02 7.433291080877065804e-01 2.152353274830804547e-02
-1.939989131825149400e+02 7.949636776432191798e-01 4.658840483966222162e-03
-1.919269103980419118e+02 8.383316539550338398e-01 6.597397079525460506e-02
-2.003558009306055112e+02 9.286982539178991747e-01 2.582740974145299531e-02
-1.896221685456791874e+02 9.399454173026822179e-01 9.040801224432662431e-02
-1.983317143372360363e+02 9.914811476900327047e-01 5.072111390702977590e-02
-1.883458632775316062e+02 9.644139769046802257e-01 9.557871628184627655e-02
-2.006627971018138794e+02 9.946366211732022844e-01 3.111926206607974754e-02
-2.008996698980915596e+02 9.806294277314674401e-01 2.808217623006948119e-02
-1.950205217230206074e+02 9.732654261454465328e-01 6.892007065798162746e-02
-2.001729110410239514e+02 9.258802383562131366e-01 2.764269508977224010e-02
-1.904025573931478732e+02 9.249898654251630381e-01 8.662223790565526382e-02
-1.954062703723484447e+02 8.896384269360164687e-01 5.881010538226930096e-02
-1.992496145250486279e+02 9.254385238945370684e-01 3.833631129598910614e-02
-1.996674647682708894e+02 9.211587776497529578e-01 3.277073540408169394e-02
-2.001252974975454606e+02 9.065119700784055601e-01 3.101198570167554985e-03
-1.909817420973336652e+02 8.912257800957837928e-01 -5.911840470089869265e-02
-1.943107697557253744e+02 9.909383219620925276e-01 -5.466029152701960131e-02
-1.952078622142441873e+02 9.257840735935107812e-01 -4.570584411537950698e-02
-2.009457037057793229e+02 9.324614788494450801e-01 8.217068950373029521e-03
-2.005511062175581571e+02 9.731919183092385683e-01 -1.501309803370319725e-02
-2.015832019953999747e+02 9.885745238484542341e-01 1.396466221645951446e-02
-1.802558531963409223e+02 9.911158558897780191e-01 -1.006104884658067800e-01
-1.805551625610586939e+02 9.944865102568860582e-01 -9.984454792227880071e-02
-1.973719142357930423e+02 9.763557118746062358e-01 -3.922857965321313589e-02
-1.995785302758729074e+02 9.872042166975547595e-01 -2.501755263901965509e-02
-2.010565457126730848e+02 9.532251991534420599e-01 2.144310681847702918e-02
-2.008314508833819616e+02 9.277385231684366351e-01 8.735083433585845436e-03
-2.006723022746110701e+02 9.519431387904498942e-01 2.776381920944523407e-02
-2.004598978517898615e+02 9.772781327299733256e-01 -1.638844599183773842e-02
-2.015877398731774122e+02 9.853311598814492589e-01 1.349173433852597810e-02
-2.005751097608116140e+02 9.436633516285882761e-01 -9.172096994388333202e-03
-2.013330642695902100e+02 9.530794838374141431e-01 1.171991976572895992e-02
-1.999221182802274939e+02 9.356993773291897298e-01 -1.523450694608927472e-02
-1.968786355260952803e+02 9.009834497650515139e-01 -3.155213443966634751e-02
