-1.010763603066888123e+02 2.711694014556674248e-01 4.283655199177602291e-01
-9.773671373364669535e+01 2.871608890006970283e-01 4.822601877009769500e-01
-8.797259117273900131e+01 2.306776469239639471e-01 5.719091446573923987e-01
-8.784197818725840534e+01 2.121905694439652768e-01 5.751664461340041390e-01
-8.942645951341980037e+01 1.960693534574209917e-01 5.681273155028279120e-01
-9.585562618092950515e+01 2.356123939501678366e-01 5.161979137202050705e-01
-9.720990081023124674e+01 2.481693974752766374e-01 4.999191113769860251e-01
-9.541933420461103310e+01 1.819210421081428330e-01 5.290601486908088624e-01
-9.940010162681393524e+01 9.581929511077781625e-02 4.907690608984014435e-01
-9.220951816296148706e+01 -2.510352710887258504e-02 3.527836585136745473e-01
-9.280441209754664555e+01 -9.891457687330532100e-02 4.033978193193807904e-01
-8.286780565350399286e+01 -1.723831782041234384e-01 3.502615061781980121e-01
-7.464014024503319433e+01 -2.210557883633016418e-01 3.153065531569959057e-01
-7.563089969882813079e+01 -2.066633205717310351e-01 3.144682840913789468e-01
-7.703275286516279152e+01 -1.151591414169610278e-01 2.688290266670043116e-01
-6.804385969502970966e+01 -1.952638361003815881e-01 2.508294132958063249e-01
-6.408376627448315332e+01 -2.310770582886837454e-01 2.444137272489591839e-01
-6.738687506711916342e+01 -2.334971548429541632e-01 2.707470545996043532e-01
-8.170573437980191045e+01 -1.630201371991900627e-01 3.358970830497731708e-01
-7.042903447213323886e+01 -2.242474826757279993e-01 2.871455027245268243e-01
-8.521059289952700055e+01 -2.172966622501569522e-01 3.978017890685110469e-01
-8.873791052746982189e+01 -1.394867470330713177e-01 3.833026954469506697e-01
-9.410765890059022354e+01 -4.911452790252029271e-02 3.884258516646355575e-01
-9.343107555445394041e+01 -3.415469854657124382e-02 3.715944547271209930e-01
-9.674334564483228860e+01 6.388536245251985601e-02 3.563248624884271520e-01
-9.809071191544954615e+01 2.055124450088473276e-02 4.055360030589700848e-01
-9.421952900909251127e+01 -3.454146833940920612e-03 3.631810008580588778e-01
-9.535726936868910286e+01 4.625714828327572720e-02 3.474560565730592798e-01
-9.711201898024519608e+01 5.819726539252582237e-02 3.657292624881497978e-01
-9.421429586672181244e+01 6.699660689869324504e-02 3.152110391751571372e-01
-9.875580685642461276e+01 1.014007385618003465e-01 3.669043728158076223e-01
-9.492053270566577794e+01 7.142687315165160977e-02 3.225237067812365965e-01
-9.375812480769089063e+01 6.046172162307143251e-04 3.552657474878470611e-01
-9.309541711323426227e+01 6.964415514141324148e-02 2.941200814296306421e-01
-8.704162842194284622e+01 -2.837979608312275748e-02 3.009492208434076388e-01
-9.322439609647489078e+01 4.478813186201854868e-02 3.191987951506140564e-01
-9.707441253689044913e+01 1.214208433916935531e-01 3.133064432107746655e-01
-1.000420704195680912e+02 1.839088817547179788e-01 3.033115810611768381e-01
-1.022697099474495843e+02 1.964998255774110802e-01 2.198450862131350048e-01
-1.050217301111366908e+02 2.365033023802431411e-01 2.364326121848971118e-01
-1.110859640855833419e+02 2.551588526629828824e-01 1.783275602371024726e-01
-1.157271475120274005e+02 3.040842452324641898e-01 1.864426639552758669e-01
-1.096107601902739930e+02 3.260217545907708181e-01 2.615517567650700315e-01
-1.094255078249799453e+02 3.161094602867782211e-01 2.568160337401544369e-01
-1.122360603736483000e+02 3.193884921551359835e-01 2.308146666035599537e-01
-1.062115745231562016e+02 2.948328794922275842e-01 2.828660695658791746e-01
-1.141324819795286771e+02 3.177440292876471672e-01 2.124112897854255888e-01
-1.178181101200539302e+02 3.364722126501345500e-01 1.968512075096132963e-01
-1.153554171096734535e+02 3.712917603997377691e-01 2.374998156215457068e-01
-1.274552216847014705e+02 4.103679066119225172e-01 1.823187568816412307e-01
-1.235481926711744904e+02 4.122949017773054892e-01 2.056690664741084584e-01
-1.314958119022928145e+02 5.116451534530234158e-01 2.060181338346646074e-01
-1.293656976016972351e+02 5.368322329963572948e-01 2.219233791750473417e-01
-1.180755409952311084e+02 5.254399445483635134e-01 2.685825361492042984e-01
-1.300928307493369687e+02 5.735027969340344978e-01 2.271544748824905480e-01
-1.316069290234777895e+02 5.268685892630253775e-01 2.101192773998843966e-01
-1.374951996282409823e+02 5.323450985398172630e-01 1.878717863793647469e-01
-1.440621164449643175e+02 5.451275438503557780e-01 1.659277435741637052e-01
-1.529398996997564666e+02 5.994911473075789088e-01 1.507170843413853933e-01
-1.462656347104220629e+02 6.489125861351832114e-01 1.865509581025595609e-01
-1.453336988507356864e+02 6.593112953880332361e-01 1.914538256230901569e-01
-1.467199103769225417e+02 7.241313561478822658e-01 1.967361577182390187e-01
-1.525377360135737774e+02 7.095878904404568921e-01 1.779737663720548368e-01
-1.603039879975366091e+02 6.704708644921119065e-01 1.456152609010350207e-01
-1.545366092758848708e+02 7.324380201680789071e-01 1.755237864466022979e-01
-1.508734056841108497e+02 7.762655790560012425e-01 1.904986099319949389e-01
-1.756141795940724535e+02 8.616060218072734145e-01 1.303741354644306072e-01
-1.963981579950726370e+02 8.904319774276160393e-01 5.270909143816331771e-02
-1.981539293482723281e+02 8.590997262263060374e-01 7.072806844050543058e-03
-1.928066147046346543e+02 8.107635939213730936e-01 4.983324991721162223e-02
-1.934510556924154514e+02 8.162318221619789815e-01 -2.328895030430397708e-02
-1.893635003161742816e+02 8.042275135389295171e-01 -4.360477532033076725e-02
-1.972684954981964154e+02 9.345857504462647958e-01 -3.574937230252299425e-02
-1.932253511895142424e+02 9.502734808555394208e-01 7.644129419065980036e-02
-1.960488171029931834e+02 9.472506507090215910e-01 6.282836281030215742e-02
-1.974688276767398634e+02 9.507881910430261430e-01 5.500862038980200430e-02
-2.015101312768612445e+02 9.797787835717101101e-01 1.596738300661686843e-02
-2.015282286845922783e+02 9.931932347812030271e-01 1.006676866913159283e-04
-2.013063848767633885e+02 9.504177680016857588e-01 8.791221967776612425e-03
-1.940252547040733759e+02 9.993323144730006380e-01 7.309728652116737058e-02
-1.963586171696786096e+02 9.248872880140995845e-01 5.902071302472188669e-02
-1.998567406608433714e+02 8.967649760215787857e-01 1.106520577790797398e-02
-1.921549905937334870e+02 8.800759021391586501e-01 -5.205260027502376513e-02
-1.946196639016299628e+02 9.194007644023233228e-01 -4.765252202151951111e-02
-1.918686327436824399e+02 9.551694577857322566e-01 -6.308002676457753755e-02
-1.996085020255653717e+02 9.155398818991146159e-01 -1.239775540687592000e-02
-1.955807585893635689e+02 9.569856249672269444e-01 -4.731729165206666199e-02
-1.991259885165059984e+02 9.584765178681483588e-01 -2.644335170222370315e-02
-2.015352467046006666e+02 9.871236673018480845e-01 5.858197423947895336e-04
-2.016478610065395571e+02 9.912612726885198233e-01 7.981389154175592623e-03
-2.010800895264452777e+02 9.389103533679646896e-01 6.644337998243719616e-03
-1.969425804859541245e+02 9.033028061363618244e-01 -3.170273101014677714e-02
-2.007015530621912092e+02 9.468828981836764358e-01 2.613977047174419546e-02
-1.997557876055949180e+02 9.171937925039174155e-01 3.032819512304586740e-02
-1.997295745400553812e+02 9.253448900136731492e-01 3.327301957000528693e-02
-1.950666847845683378e+02 8.701299808989338969e-01 5.628406285836154432e-02
-1.804660020949619934e+02 8.261256636336407055e-01 1.109956046476641561e-01
-1.713653212615026291e+02 8.109836890400567988e-01 1.375067861048645534e-01
-1.759570225943070625e+02 8.204392652669311170e-01 1.248182890184593302e-01
-1.957716136023276192e+02 8.641328722682640739e-01 4.963989578791611762e-02
-1.931922746000169013e+02 8.323892559238601496e-01 5.643439628523846952e-02
-1.885454209487360799e+02 8.521994482916025460e-01 8.519176970967717866e-02
-1.905077326138589058e+02 9.044011534180752543e-01 8.447087980542050678e-02
-1.860823438476978708e+02 8.551088209071838753e-01 9.543290605063149690e-02
-1.925819755358400300e+02 8.682190323639893403e-01 6.982152115747493337e-02
-1.841473465191643584e+02 9.457996967577367853e-01 1.092193470484416479e-01
-1.945355277055259648e+02 8.770206271505481821e-01 6.119510150210696192e-02
-1.990624025940408046e+02 9.206095930661130078e-01 3.898986338872911794e-02
-1.962851222254352308e+02 9.869162902928279024e-01 6.262957609499680833e-02
-2.016250323010637260e+02 9.910880973436005936e-01 1.162330896240040823e-02
-2.011732374353570663e+02 9.612230030339626863e-01 2.113816163283645244e-02
-2.008585645534433866e+02 9.299660991290601419e-01 5.280149357635042714e-03
-1.977771677721909498e+02 8.692456619501361947e-01 3.312924025889852492e-02
-1.954239985765948404e+02 8.234944171836606763e-01 -7.949049843332301260e-03
-1.914754389285098739e+02 8.449280397136308407e-01 -4.658976907006818352e-02
-1.971273819347647134e+02 8.623555599343012412e-01 3.694629778672509079e-02
-1.959765835419501059e+02 8.247040837842873895e-01 2.234034821488946332e-02
-1.924698321365059144e+02 7.807271557190823552e-01 3.043398901079880439e-02
-1.951677159135499267e+02 8.111575213045567612e-01 4.230897202473113752e-03
-1.936071159836560867e+02 8.327730385578334671e-01 5.375671136079437917e-02
-1.926654791637096480e+02 7.864311094906777377e-01 3.411569427936095994e-02
-1.916072746323098954e+02 7.989891820635436348e-01 5.303088559134294666e-02
-1.936088977103792672e+02 7.903091594689430899e-01 2.153150466989931996e-02
-1.934042110505452854e+02 7.945026203052929503e-01 -7.172714103167734945e-03
-1.838651483452892421e+02 8.318025365982379959e-01 -7.390560037705487528e-02
-1.922374062848562630e+02 8.160451481065671420e-01 -3.194477223586459497e-02
-1.978158991253250178e+02 8.752905503829574441e-01 3.583908503283315256e-02
-1.996375200520339490e+02 9.080068180080562712e-01 2.816338908147925438e-02
-1.980175972780173765e+02 9.004313322224166694e-01 4.308706287634567200e-02
-2.008895187679022456e+02 9.332858732252595768e-01 1.566714805783166534e-02
-1.968842505793659541e+02 8.807821147219221380e-01 4.654386119694185753e-02
-1.920358487404230061e+02 8.393203555065134047e-01 6.565513213052309727e-02
-1.938680258033861890e+02 7.946496504568029140e-01 1.358381953850278795e-03
-1.970631298982736723e+02 8.699739394976454543e-01 -1.974864535857892220e-02
-1.969221422584114691e+02 8.726700581780973964e-01 -2.214740590441383050e-02
-1.967740159246088183e+02 8.546427163213671241e-01 -1.466490155760253287e-02
-1.878847186293197922e+02 8.810840587549878533e-01 9.215141418741552848e-02
-1.820812948838357670e+02 7.611914743632471891e-01 9.025308189064518150e-02
-1.904734312626219150e+02 7.554808236005682298e-01 2.890883952346077687e-02
-1.959962889310437504e+02 8.222828326492788165e-01 7.910520291152351238e-03
-1.945948895674336825e+02 8.203188837665372768e-01 -1.541961714151566555e-02
-1.909454996635563759e+02 8.714844710845817133e-01 -5.554740006758544096e-02
-1.920302016513706747e+02 8.988108412497335387e-01 -5.605073817439442524e-02
-1.851315112423559412e+02 9.711366841090716129e-01 -8.644309961070029136e-02
-1.957460904256555239e+02 9.491357799129394035e-01 -4.581430923752979889e-02
-1.992872577162897869e+02 9.672206746315871184e-01 -2.610496656514322070e-02
-2.002822906716818352e+02 9.443283262281050305e-01 3.135407521848851409e-02
-1.975126959333570653e+02 9.759002221593696680e-01 5.583780604520778568e-02
-1.976811281937423814e+02 9.216829303187973332e-01 5.024040612005016559e-02
-1.991080444067735300e+02 9.224818727733854473e-01 -1.992185946722236159e-02
-1.967134115577457862e+02 8.612487270008750695e-01 -1.886306490640390215e-02
-1.912913567370050885e+02 7.608175111372180721e-01 1.848698350346339447e-02
-1.894815698270220423e+02 7.423458352255999371e-01 2.475136870164614672e-02
-1.925241992518771781e+02 7.887690578493271598e-01 3.812129855040011228e-02
-1.938150862852411080e+02 7.911835909127650224e-01 1.283583115653675992e-02
-1.889370585734148449e+02 7.353091322295504106e-01 7.280401356737594039e-03
-1.905733864272988285e+02 7.615018270124578326e-01 3.556703164722330168e-02
-1.913270543192085995e+02 7.639571239082358911e-01 2.617229560868710933e-02
-1.850770461786267447e+02 7.462774336410383791e-01 -4.058119816458729406e-02
-1.882080323117815510e+02 7.681525258999042371e-01 6.109237457706627461e-02
-1.880355138749605999e+02 7.623043645283658076e-01 -3.161950459887573339e-02
-1.911048173231834255e+02 7.631795690122273879e-01 -2.759595671459086352e-03
-1.884691799529504976e+02 7.358782118353357493e-01 -4.901301998862300432e-03
-1.767974103909246253e+02 7.221930982136809396e-01 1.000374899752071167e-01
-1.532445578920822129e+02 7.151516654803795614e-01 1.767516992725360059e-01
-1.576798662900303043e+02 6.623074267094024581e-01 1.523735547251548472e-01
-1.417470777113434508e+02 5.406414317054135665e-01 -1.106017608188445550e-01
-1.216812802331168086e+02 4.979336896777455390e-01 -1.502758488096391232e-01
-1.554028246641823898e+02 4.867506606693923765e-01 -1.147226712292369680e-02
-1.498868984544123748e+02 4.492751754789656715e-01 -5.734765989818397559e-03
-1.439557821990922832e+02 4.100656074182739697e-01 1.801488991277737806e-03
-1.454289887421059291e+02 4.162865093624481538e-01 1.002957276054511175e-02
-1.511311664007140791e+02 4.510357485466064409e-01 1.046370210086149805e-02
-1.428412697974261505e+02 4.342182375397525829e-01 -4.288768994091234077e-02
-1.488682588428169424e+02 4.424863282852539159e-01 -4.589565303977177074e-03
-1.490813926806937388e+02 4.410372077782838685e-01 1.985946143951220020e-03
-1.468087247994001245e+02 4.434116514161540179e-01 -2.620871428103822148e-02
-1.478259156154280163e+02 4.592524184256187025e-01 -3.713185719190299078e-02
-1.526950312734172712e+02 4.587747909799182455e-01 2.638676464179015232e-02
-1.576451659363572162e+02 5.001528825997765271e-01 -9.867083414436183739e-03
-1.896335495638472253e+02 7.431272148148153622e-01 2.220573499468161960e-02
-1.928616863266845769e+02 7.792548003168473514e-01 9.622331361007574121e-03
-1.918003762211577339e+02 7.902501428453241328e-01 4.650840611242004069e-02
-1.899958137194990115e+02 8.305268551983039371e-01 7.388831887713195878e-02
-1.942355951837021735e+02 8.319562792750974101e-01 4.874790543604257120e-02
-1.915502375041718892e+02 7.799668902946723659e-01 4.155194312196977546e-02
-1.746837708219289311e+02 7.817663839959773098e-01 1.227327109811122696e-01
-1.777452491478896661e+02 8.127374664385101921e-01 1.179734031138394285e-01
-1.864109197074819235e+02 7.911100988957089353e-01 7.992672975304389305e-02
-1.958838108123568134e+02 8.206608566100158653e-01 1.588571640894646461e-02
-1.812677299187357107e+02 8.561619715756766391e-01 -8.674311198270530376e-02
-1.809089063843130702e+02 8.720910131401662380e-01 -9.018877997143771863e-02
-1.961182687355856160e+02 8.787624795696536983e-01 -3.037794008295160303e-02
-1.976592287679841320e+02 8.494225006317305260e-01 1.159036383878082541e-02
-1.971664646618944232e+02 8.590210872375269036e-01 -1.290992110190966255e-02
-1.811363916673722372e+02 8.418572712850912465e-01 -8.470522177818834431e-02
-1.786313656843029491e+02 8.735700187343271583e-01 -9.684240131069621338e-02
-1.750496214640585038e+02 8.720317592684364572e-01 -1.062108252150100740e-01
-1.987842417747042703e+02 8.840078579403063408e-01 -7.452181511840882608e-03
-1.968808758906257026e+02 8.800032848321933665e-01 4.632480107014255721e-02
-1.964700380978495389e+02 8.292930020541658953e-01 1.170758984906236817e-02
-1.968616101541390151e+02 8.503405873645851765e-01 3.293442023844687927e-02
-1.954204677182355567e+02 8.493846611095198229e-01 4.683224744265385847e-02
-1.944231914173180371e+02 8.004552582108406256e-01 5.196667348215847949e-03
-1.829325278270308104e+02 8.270438814685520112e-01 -7.603611223352638171e-02
-2.006470255054610163e+02 9.247356677900414601e-01 1.725578754113467166e-03
-1.987430711650836201e+02 8.950684270130905285e-01 -1.403863275648791452e-02
-2.016258151790468389e+02 9.821380482186660155e-01 9.592337059516323552e-03
-2.013849726051700770e+02 9.776013792805153813e-01 -2.553017697892124172e-03
-1.974770471607223783e+02 9.905199029419130552e-01 -3.909518867082154708e-02
-2.014459174291436057e+02 9.802498243263518818e-01 -1.368525151128038896e-03
-2.013940783750888670e+02 9.569086330535673257e-01 1.114470441211534366e-02
-2.015059300748195596e+02 9.755295341672084453e-01 1.497211231515040890e-03
-1.992883820884317743e+02 8.825807073154858795e-01 1.106638092883726644e-02
-1.979371123685317855e+02 9.737227937951186130e-01 5.321819379795796057e-02
-2.007289580459820399e+02 9.238987563522573776e-01 8.144487922324058007e-03
-1.972154066075361811e+02 8.763788852420481001e-01 -2.114719169599051790e-02
-1.985913523953712172e+02 8.676263906479185772e-01 7.712226231301870863e-03
-2.010714073695691013e+02 9.621773946370395514e-01 -6.039404081565721144e-03
-1.977023133882902641e+02 9.543766007103984261e-01 -3.563847505353714973e-02
-2.001684213271882129e+02 9.241266154785426901e-01 2.704152820398506712e-02
-1.885747513828287367e+02 9.392928191928788806e-01 9.420386679239171890e-02
-2.004740395392621508e+02 9.777159672593522810e-01 3.316340814439182327e-02
-2.016079551625153385e+02 9.822169620129461709e-01 4.894603999768844076e-03
-2.016372305917300878e+02 9.878418441767090608e-01 1.018248039699080031e-02
-1.946673898546675900e+02 9.882992348090581247e-01 7.050406163534432558e-02
-2.008817167269695005e+02 9.659182040977567496e-01 2.708468965166358974e-02
-1.915466819804443048e+02 9.369713557027560258e-01 8.281410454742456351e-02
-1.973128714459805906e+02 9.762808127490353316e-01 5.701216258304343809e-02
-2.008012032515818248e+02 9.550329045127807781e-01 2.647811320499481730e-02
-2.007410384906402214e+02 9.703649847232533876e-01 2.951183415267242399e-02
-2.012393829407656369e+02 9.990499634438351206e-01 -6.588261595656141369e-03
-1.999134600635920265e+02 9.877462715843067231e-01 -2.221950908602578906e-02
-2.012696479825816596e+02 9.884268769720964132e-01 -6.001134664884518084e-03
-2.014161176256606893e+02 9.948139987994099043e-01 -3.024794211565762659e-03
-1.955650369033398306e+02 9.970830879851109163e-01 6.602640065234607891e-02
-2.006118358673494413e+02 9.252391256457659363e-01 1.856136672968648413e-02
-1.994811435809732245e+02 8.976235394368660137e-01 2.497355618385043927e-02
-2.010003776153973263e+02 9.350248054505230222e-01 7.330070666967215993e-03
-2.006549954522810708e+02 9.225303295741391629e-01 1.404427573237848094e-02
-1.927863805754138298e+02 9.304743657866531015e-01 7.721226229521142848e-02
-2.016156761607140879e+02 9.849441710733342070e-01 4.746504812500659982e-03
-1.953554973546730196e+02 9.457854623362556001e-01 -4.739970826228855766e-02
-1.972439109749791157e+02 8.856106844245983378e-01 -2.439334957274199439e-02
-1.958448943632644728e+02 8.253374151507847367e-01 -2.981897906066196310e-03
-1.988641175374390002e+02 8.900343914331785289e-01 -1.000712589907962191e-02
-2.006013142827395939e+02 9.223212627148317244e-01 1.631575900251767616e-02
-1.944162352320890648e+02 9.432519000543390097e-01 7.071305432380775580e-02
-1.951817053554613324e+02 9.972594806642576248e-01 6.787158388925375319e-02
-2.014731374563575059e+02 9.756027856220647054e-01 1.650359742530680893e-02
-1.952199445201420076e+02 9.837033702238491273e-01 -5.044396445458182443e-02
-2.009492736175041898e+02 9.771499316452759709e-01 2.719895502423587755e-02
-1.905811911435618526e+02 9.964118011145446374e-01 8.712368780013433900e-02
-1.975068306518797101e+02 9.911651991586065691e-01 -3.893581214564047904e-02
-2.016088750777254575e+02 9.791735691782704754e-01 6.409033059745149544e-03
-1.977780548869691302e+02 9.404504483124401792e-01 5.212276896241874874e-02
-2.013140540921601485e+02 9.761380900832983265e-01 2.077620359155561008e-02
-1.869781446431954635e+02 9.978464421633190806e-01 9.972481115815659547e-02
-1.939351634113498903e+02 9.873430240825387116e-01 7.381296546302268391e-02
-1.994113316818573196e+02 9.928810056029829800e-01 4.298288833776131579e-02
-1.971037055565746812e+02 9.354200352227046711e-01 5.583334781371285249e-02
-2.010414530704645699e+02 9.454133461001273941e-01 1.877342061963049522e-02
-1.939115586451229660e+02 9.966740625341897752e-01 7.368841208271183219e-02
-2.012904614405656218e+02 9.809669994044286634e-01 2.171597195881504183e-02
-2.006691019383564765e+02 9.762429783750086187e-01 -1.392471679446584051e-02
-1.998973050520688730e+02 9.273682945340994133e-01 3.185129443148812523e-02
-1.970468543665249683e+02 8.848466894470593536e-01 -2.567094882356683871e-02
-1.960294155428319698e+02 8.272728586333433221e-01 -1.787680105625241234e-03
-1.943987871170315884e+02 8.164886216783989736e-01 -1.472142947766544134e-02
-1.968347838451835798e+02 8.511884691852518170e-01 3.384518196830317571e-02
-1.932060940739355033e+02 8.644185752372813836e-01 6.573943593212544512e-02
-2.001489357023403670e+02 9.057856529923307143e-01 1.392897467030342062e-02
-1.964626860145093019e+02 9.483339395257102122e-01 -4.204689125238256914e-02
-1.905305319372320412e+02 8.770381323551736941e-01 -5.839215176241926986e-02
-1.964287787118083202e+02 8.289591391376600615e-01 8.089257322313898532e-03
-1.972096716943177341e+02 8.653095426350764230e-01 3.756002011294311965e-02
-1.990552485650815129e+02 8.857656120906716168e-01 -4.087131670853101292e-03
-2.001743229217175895e+02 9.850547114939305349e-01 -1.973784004266697020e-02
-1.863908611252472554e+02 9.771483901745335876e-01 -8.280820678798418710e-02
-2.012943991616971005e+02 9.527066295837329779e-01 1.394079291409643789e-02
-1.984924584684267472e+02 9.863044993838772090e-01 -3.282410597824376303e-02
-1.843517593338559095e+02 9.349925615070363571e-01 1.082936333547800528e-01
-1.875558061270146197e+02 9.455371811421628969e-01 9.799503288941327495e-02
-1.923998440611671583e+02 9.749751385657803304e-01 8.040136175020004550e-02
-1.997726045397859309e+02 8.974861872992644374e-01 1.782155026259008360e-02
-1.959956175325133927e+02 9.226004515718713161e-01 6.080005459800887080e-02
-1.950623320070911006e+02 9.917917876041426606e-01 6.859171104497190086e-02
-1.872083901314100274e+02 9.463641712269330597e-01 9.920926290082178467e-02
-1.957302758568770287e+02 9.501086985659398243e-01 6.466808061742522484e-02
-1.929608948398054054e+02 9.629151252627492497e-01 7.795909895900390851e-02
-1.981064123789506368e+02 1.000009935486527723e+00 5.190538710345300732e-02
-1.977897416896168465e+02 9.328876645662963485e-01 5.114836190526304144e-02
-1.930696226674239142e+02 9.380242185896516816e-01 7.648697279126596971e-02
-2.001369032853326360e+02 9.200105906489445262e-01 2.580722233882347047e-02
-1.941435517895651230e+02 9.275639374595791020e-01 7.082400061513734191e-02
-2.007764285854193531e+02 9.359992854045032784e-01 -2.541200596560919123e-03
-2.014427422179138887e+02 9.629197330742135241e-01 4.078296770486617567e-03
-2.013171986755814657e+02 9.910969266444278336e-01 2.146503806604364156e-02
-1.872143119630274555e+02 9.918557057371106822e-01 9.912881470761439329e-02
-1.836357472609316801e+02 9.558783356391145070e-01 1.109516996526086624e-01
-1.971207854157274255e+02 8.937911331871600806e-01 4.842828748400308109e-02
-1.985065519551098419e+02 8.801219171339672576e-01 2.973691723596553343e-02
-1.963133070384543259e+02 8.311869926769241967e-01 -1.038887573751972205e-03
-1.784998602009077899e+02 7.890396897820476374e-01 -8.174941978236638374e-02
-1.740592961652515953e+02 6.984122579986700163e-01 -6.829383306245298546e-02
-1.567057343568790202e+02 6.670961038970186774e-01 -1.119427461513336358e-01
-1.630075075347832581e+02 7.477526008923862655e-01 -1.158446009136524096e-01
-1.729624544447776202e+02 7.426321592463611676e-01 -8.691170973131197297e-02
-1.841764303406535817e+02 7.359073712589800920e-01 -4.010328095795770431e-02
-1.866078806988441556e+02 7.486759152366189163e-01 -3.286380871190384273e-02
-1.937994465727276179e+02 7.929090590653381510e-01 2.170074620446156913e-02
-1.942930469103743008e+02 8.042929541034102847e-01 2.908174055293422447e-02
-1.951750339078047318e+02 8.121819831502146148e-01 2.174253999593069725e-02
-1.887954024222303531e+02 7.947281843994864481e-01 6.898453867885366575e-02
-1.743588179814212822e+02 7.743095807205954140e-01 1.224002927233714122e-01
-1.764219356717881624e+02 7.593947721112281890e-01 1.120619049927892852e-01
-1.788589405694119137e+02 7.264450424585844335e-01 9.265641086260983927e-02
-1.912600434345459064e+02 7.599456538567592734e-01 1.340727501548998925e-02
-1.846882199643582396e+02 7.352115291426800647e-01 6.637668395297036117e-02
-1.437305874598585831e+02 4.901408847689728843e-01 1.423808901296720331e-01
-1.563712903863138877e+02 5.619803611000094845e-01 1.208125890357529680e-01
-1.544606148565695491e+02 5.438736376112435211e-01 1.201351556842007035e-01
-1.904435739098378235e+02 7.761150906241137681e-01 -2.275533217783286960e-02
-1.686783051263060997e+02 7.192594545167293463e-01 1.294858795533475326e-01
-1.911879550252166666e+02 7.920419174166851706e-01 5.256081799460147336e-02
-1.883295961846914395e+02 8.502477806627753987e-01 8.573852687374595993e-02
-1.790089604547951296e+02 8.927851147621707062e-01 1.226846349067074182e-01
-1.936332420807842141e+02 9.651287215242483342e-01 7.511490515270446977e-02
-1.992017866710332612e+02 9.316730479181827285e-01 4.007983773953852080e-02
-1.973022694772126613e+02 8.651899412745694962e-01 3.649948754815313806e-02
-1.993271486818420613e+02 8.875335610317461876e-01 4.480397075769470237e-04
-1.945933456903979959e+02 8.236354956889644363e-01 4.127491339054075586e-02
-1.936075108350001130e+02 7.915444189238581840e-01 7.875481663787594049e-04
-1.967960011513500547e+02 8.415910437892714091e-01 -4.160571701880592770e-03
-1.961120050784144553e+02 8.298757410051180727e-01 2.649768210885999897e-02
-1.954740394528335230e+02 8.903669387854042938e-01 5.855544976237763571e-02
-1.968178300320371363e+02 8.926833536633259625e-01 5.034979632588805487e-02
-1.865497288176623556e+02 9.383654849756838390e-01 1.012017802844464853e-01
-1.797313537273273880e+02 9.593304546026851787e-01 1.225723398741158654e-01
-1.986075715852526571e+02 9.461403327012336550e-01 4.699207098376503855e-02
-1.948187081204788456e+02 9.617556307611905275e-01 6.965268437183784467e-02
-1.816973469193467281e+02 9.935188936432612916e-01 1.162866685670133071e-01
-1.967804402921709084e+02 9.963769407470030037e-01 -4.297097870700997829e-02
-1.995145914202449262e+02 9.388451671323754244e-01 -2.007873595685825963e-02
-1.971683178035069375e+02 8.583588243539689300e-01 -1.246926974425172606e-02
-1.964308539234267812e+02 8.289134639208016742e-01 1.445284994477749087e-02
-1.881416705663561686e+02 7.711167493709655263e-01 6.296848959900827603e-02
-1.941734217712341035e+02 8.015962800033148428e-01 2.781461249506101546e-02
-1.965889909946176033e+02 8.469753671842225051e-01 3.412050981456060672e-02
-1.999043820737328758e+02 8.981520692422255703e-01 1.175176593762574002e-02
-1.990928009854821994e+02 8.977128949413488712e-01 -1.103725825860985346e-02
-2.006608445126518347e+02 9.231172095657129706e-01 4.182513003412664798e-03
-1.961255910945789367e+02 8.680618179358354780e-01 -2.665449920035270828e-02
-1.954688275865269986e+02 8.484779069108656646e-01 -2.355091809492936006e-02
-1.969706936754033961e+02 8.407687458891147658e-01 2.174694908264972887e-02
-1.955777572098052701e+02 8.300092973015835707e-01 3.468425697239895661e-02
-1.953479450830930091e+02 8.464170522857444867e-01 -2.356169662897101072e-02
-1.831004560967077452e+02 7.821011118099688852e-01 -6.373326142519386561e-02
-1.901591062093392281e+02 7.545312418023450984e-01 3.295248285419590667e-02
-1.803812960853198319e+02 7.658708879316934448e-01 9.870793883781807387e-02
-1.856781354550603567e+02 8.669072206243153556e-01 9.856614494266666138e-02
-1.621080218029209448e+02 8.635745433049759612e-01 1.670432884103842386e-01
-1.732514565585659057e+02 8.293145582319590980e-01 1.341186840516391254e-01
-1.833647088844606969e+02 8.548331397439749013e-01 1.051836818003580309e-01
-1.835019421388810770e+02 8.338078864742806129e-01 1.015849316714690365e-01
-1.920578592861353968e+02 7.780538697720473795e-01 3.358583895803293057e-02
-1.865641054949667250e+02 7.639902254750289279e-01 6.916854587926017650e-02
-1.991884871558455359e+02 8.816340030291823782e-01 4.478188735285028310e-03
-1.966431524547543006e+02 8.393086240249972851e-01 2.702335923279206020e-02
-1.892498880091729063e+02 7.438704445785173647e-01 -4.580104761452306363e-03
-1.813785884418305727e+02 7.343567510779658303e-01 -5.325861147736479090e-02
-1.868763110236412217e+02 7.594075307800147723e-01 -3.718909167303991598e-02
-1.722447744279526489e+02 7.323490019513270166e-01 -8.618057444643942300e-02
-1.922572897143748776e+02 7.807667890382817832e-01 -8.036371442762105244e-03
-1.882041091987678101e+02 7.345700004087249990e-01 -6.975587093029769759e-03
-1.901072546545230182e+02 7.470295575685175216e-01 1.402081254255444984e-02
-1.890371944031827809e+02 7.423357269379616818e-01 -5.653023085995707159e-03
-1.954931497500268733e+02 8.273584707992265308e-01 -1.045726037366958780e-02
-1.967408305958773553e+02 8.508736380830081991e-01 3.479487471598652348e-02
-1.931765304606250311e+02 9.114084063871898955e-01 7.371687782615253537e-02
-1.971252612049721620e+02 9.094535842836661832e-01 5.187139900082560900e-02
-2.011454549148628246e+02 9.443500288979461699e-01 3.574544672905683677e-03
-1.980089520354007675e+02 9.783121834645936987e-01 -3.557593506917380854e-02
-2.015486079435805493e+02 9.947314662512962702e-01 8.346054740749541886e-04
-2.003707486138667377e+02 9.756928679196192888e-01 3.418902781662856022e-02
-1.953320033843188526e+02 9.839740911510014287e-01 -4.993156070542513481e-02
-1.994591624537444545e+02 9.819741219654559705e-01 -2.576962049107373379e-02
-1.916505529375173182e+02 9.291462328237206636e-01 -6.166895875970258151e-02
-1.996458835801947487e+02 9.724493105905059886e-01 -2.366907800433129885e-02
-1.926860346641644242e+02 9.796568485370599211e-01 -6.110585351631854512e-02
-1.791251232865481882e+02 9.907158660616492973e-01 -1.035858825007643369e-01
-1.837678421401378728e+02 9.718362409018994619e-01 -9.046871923449063824e-02
-1.982285830468581480e+02 9.983956041425740002e-01 -3.467059742311369430e-02
-2.015830080507122091e+02 9.783731562102907509e-01 4.430984566600845893e-03
-1.957610300511914829e+02 9.429505964497102433e-01 -4.510088249878412697e-02
-1.992576639527804332e+02 9.772207885020527396e-01 4.417942509463416989e-02
-1.995830524916003696e+02 9.382467177190052521e-01 3.774244222319051573e-02
-1.956065888468261846e+02 8.205384264951427475e-01 2.483112105958560495e-02
-1.888257755110944913e+02 8.451847106116427977e-01 8.265557996714398281e-02
-1.958003746349196490e+02 8.410212695577539144e-01 -1.664156519839199780e-02
-1.906343702698243874e+02 8.145305131538240762e-01 -4.080216128745572934e-02
-1.957105795279260292e+02 8.176961617148155170e-01 9.804647050338070186e-03
-1.935272211366030035e+02 8.084272237008510720e-01 -1.777416025744271363e-02
-1.963646729429119944e+02 8.342870549952072778e-01 -3.934757397723144014e-03
-1.956534013565061230e+02 8.416360370892564946e-01 -1.843502300822355555e-02
-1.916719594756910965e+02 7.991131414272671929e-01 -2.738865412374995659e-02
-1.875367011535397808e+02 8.084039833095607586e-01 -5.373171527108259321e-02
-1.915424722011222798e+02 8.534509362573898805e-01 -4.862599261114564086e-02
-1.901453662775478506e+02 8.653723932412190623e-01 -5.761513084953883562e-02
-1.952043933551665305e+02 8.372304112687924960e-01 4.306748730514847745e-02
-1.762283931474125325e+02 7.877897858271474263e-01 1.187238894980259668e-01
-1.975337195668396078e+02 8.526178535789755708e-01 2.395797762174234000e-02
-1.908631385476973037e+02 7.696373299185857997e-01 -1.371660370526651095e-02
-1.877697434994013577e+02 7.678220719968996688e-01 -3.628146817072656904e-02
-1.897594530180342645e+02 7.646868615541783099e-01 -2.027414945716752431e-02
-1.869542047817170669e+02 7.811044198881348377e-01 -4.668550472501242776e-02
-1.837345803959787247e+02 7.621787337564785991e-01 -5.419958829711889886e-02
-1.661794892569887736e+02 6.691791572859395743e-01 -8.468543684621000767e-02
-1.811900582298173674e+02 7.199121508790534696e-01 -4.740309325518689970e-02
-1.803675179966544135e+02 7.425436602757290450e-01 9.165496005905963972e-02
-1.907345201910414971e+02 7.673829934799597519e-01 3.960795066900852507e-02
-1.894417675452042147e+02 7.403029527692407408e-01 8.825211945863534538e-03
-1.905067720194644210e+02 7.521638440110972601e-01 1.986092307118970599e-02
-1.920426293529239388e+02 7.917446935306851064e-01 -1.990444440933590575e-02
-1.962168036291553790e+02 8.561934944713139872e-01 -2.090438953026412666e-02
-1.948663858594113947e+02 8.553928764730431844e-01 5.319853618344244639e-02
-1.921692589399826261e+02 8.043648112729957500e-01 5.152438386775540224e-02
-1.914422904209007186e+02 7.719853568418045819e-01 -9.193318774753055783e-03
-1.971528467822320465e+02 8.448816650521308036e-01 2.304349276892164039e-02
-1.959261279973150636e+02 8.677930436162789585e-01 -2.801354014220104258e-02
-1.962665294639162994e+02 8.361195434769402857e-01 3.019709343515102756e-02
-1.801355506463227982e+02 7.461317620493573832e-01 -6.316353130681842676e-02
-1.632961275155153658e+02 6.877421207719293106e-01 -9.969601291334474757e-02
-1.932760842580378267e+02 7.931923798451748775e-01 -7.571062040113344868e-03
-1.868191092994026121e+02 8.151229987789329057e-01 -5.879354994155437664e-02
-1.953988349113121785e+02 8.132019681542661527e-01 1.469890387312931812e-02
-1.913224136432741602e+02 8.143315735283336299e-01 6.159659260280039156e-02
-1.982024437479978189e+02 8.793952582487398750e-01 3.336363120887515105e-02
-1.982432785912231736e+02 8.795399577040565742e-01 3.293407836669641486e-02
-2.008035634643525214e+02 9.361038360811515524e-01 -1.953454012301880736e-03
-2.000918816710859289e+02 9.110267514238641340e-01 -2.313798325317422029e-03
-1.921641363979577477e+02 8.762081945053182830e-01 -5.119668450681584548e-02
-1.987220689504810878e+02 8.787198267298080845e-01 -4.526181461996455629e-03
-1.955091401902981261e+02 8.438722882432178052e-01 4.361406112951043273e-02
-1.829718382102493592e+02 8.290749746329691972e-01 1.027094694397805014e-01
-1.851531030223517291e+02 9.029217412380617924e-01 1.039922341565006347e-01
-1.879314211124158476e+02 9.102680843182437975e-01 9.484574618980261274e-02
-1.914925259407585827e+02 8.792284112228363480e-01 7.701242295258138582e-02
-1.892540125094505186e+02 9.178662783129639680e-01 9.052527375715448132e-02
-1.955397282133318413e+02 9.167741816889163342e-01 6.257612766783214597e-02
-1.976470253778999506e+02 8.689311358947219288e-01 3.453909440258206426e-02
-2.006680277462982076e+02 9.455382579584020730e-01 2.631382357590562882e-02
-1.897029048727280554e+02 8.643123222293154218e-01 -5.920201534081480366e-02
-1.790242693784387882e+02 8.370588101113770607e-01 -9.018856038336149628e-02
-1.905351624314772891e+02 8.419000515978655175e-01 -5.020106316883112679e-02
-1.942971851064416171e+02 9.336567762777572277e-01 -5.104576943921078358e-02
-1.984415350405791969e+02 9.344934427757982665e-01 -2.798532991417675489e-02
-1.990396643861562325e+02 9.537194515464546551e-01 -2.651775698186882232e-02
-2.001088320206668527e+02 9.773594050387357512e-01 -1.993360763177919395e-02
-1.989943138411884149e+02 9.747458325647297972e-01 -2.886515375953468271e-02
-1.936636211118724304e+02 9.935785083087657066e-01 -5.743839762797219028e-02
-1.995881633485560371e+02 9.542084450529308981e-01 3.999386692489624584e-02
-1.977138449315913249e+02 8.573122350077696519e-01 -3.583482364938694962e-03
-1.974950143752017766e+02 9.044548625047168500e-01 -2.819180650889438824e-02
-1.991642276644211051e+02 8.847809613365905657e-01 2.121049667498338051e-02
-1.971699202660577441e+02 8.740737268978864272e-01 -2.058363582385748514e-02
-1.999313606006718942e+02 9.098145791527734172e-01 -4.800159146644618346e-03
-1.958582845815321889e+02 8.343688854656572396e-01 -1.148208789866953135e-02
-1.898766971278425331e+02 7.994674545048858771e-01 -3.892464970581921424e-02
-1.961894391025678033e+02 8.293290513522277863e-01 -1.175405396796975728e-03
-1.928176498115895470e+02 8.082816957080377618e-01 4.844315264108112890e-02
-1.963718819471669406e+02 8.279722116156214007e-01 1.443513028360644650e-02
-1.897585094290825509e+02 7.534652054264668886e-01 -9.937619869346134976e-03
-1.881708680112534182e+02 7.519939554727007591e-01 -2.400912413167880302e-02
-1.836671184655709510e+02 7.332810304075662033e-01 -4.149516189323607801e-02
-1.881989385888467439e+02 7.319247398920057934e-01 -3.015725942726033872e-03
-1.917253728493789993e+02 7.653728861808674067e-01 1.440714174110931459e-02
-1.895883745781547418e+02 7.427544283549190052e-01 2.259659371128886970e-02
-1.586554933704433381e+02 6.346440686671070974e-01 -9.581811193685924044e-02
-1.565013614436050204e+02 6.873756729181839109e-01 -1.180672664917901404e-01
-1.750250050520611467e+02 7.203593713489562234e-01 -7.303646165339224006e-02
-1.527844980286618863e+02 7.290887166381776474e-01 -1.366310765192126075e-01
-1.755002457543602361e+02 7.532906239801134829e-01 -8.190165647479200062e-02
-1.937628691103911365e+02 7.918358832884122567e-01 4.756990822726742639e-03
-1.897454176340766026e+02 7.431185460062603720e-01 1.499460178083838850e-02
-1.934476500165795869e+02 7.934187295433943188e-01 3.017582183354029085e-02
-1.934881364709946467e+02 8.166996911205318677e-01 4.737443384537449315e-02
-1.994634882104868154e+02 8.873596214738284083e-01 6.297409977387711903e-03
-1.964133832926119396e+02 9.107691520694864984e-01 5.666762366996440370e-02
-1.977991520663607332e+02 9.673736266833804498e-01 5.389175646019073868e-02
-1.966073977821537540e+02 8.432218492103319418e-01 3.113898137559104398e-02
-1.973708792153555862e+02 8.706925920282780895e-01 3.843366394098254174e-02
-1.962443556218119625e+02 8.259464541806825766e-01 1.434536756378855700e-02
-1.772521288171272147e+02 7.536879625780903424e-01 1.075809222751372002e-01
-1.748140469903554504e+02 7.800061662382655747e-01 1.219766579223918873e-01
-1.817103976142735746e+02 8.455412577081290459e-01 1.095978785962908458e-01
-1.959160618262814637e+02 9.314949888085939378e-01 6.223060090591971821e-02
-1.954709265349243879e+02 8.846062553142071128e-01 5.733074550383707862e-02
-1.889373876699155517e+02 8.767096428547103137e-01 8.748222241428108004e-02
-1.977713490117889421e+02 8.622455164971178920e-01 2.857997738073877331e-02
-1.953912791082181286e+02 8.130076798840302210e-01 1.403173095778076709e-02
-1.946166353831515323e+02 8.035650085857987124e-01 2.041203750601536943e-02
-1.921249508635503105e+02 8.889161868649338993e-01 7.562605830935791029e-02
-1.950872384189325999e+02 8.333730701248085460e-01 4.210948223245108285e-02
-1.935776601880889700e+02 8.290342576955839204e-01 5.245031021827411405e-02
-1.996622780514077533e+02 9.373812135871186779e-01 3.680135744304761231e-02
-2.002880173214963975e+02 9.514620187423168396e-01 3.260924437031768180e-02
-1.938118454746951045e+02 9.418140685934033307e-01 7.341677707589609747e-02
-2.015380497895746430e+02 9.877077016095419104e-01 1.574551478290144024e-02
-2.014807274328406095e+02 9.783128993164924569e-01 1.673139647419947043e-02
-2.016363113837242054e+02 9.955811248344940134e-01 5.856291642802051618e-03
-2.002046645256536408e+02 9.586340254383192150e-01 -1.693009073755151125e-02
-1.966245820848230323e+02 8.865157747960253909e-01 -2.928783020174327567e-02
-1.884356381837939693e+02 8.855553370522396550e-01 -6.792243192323924039e-02
-1.910682657122382864e+02 8.483468044336789360e-01 -4.949072871172337934e-02
-1.877750439188506277e+02 8.721727034774643394e-01 -6.807824993027987437e-02
-1.995138358217960217e+02 8.938772868368599633e-01 2.140796661097370268e-02
-1.982285068408081656e+02 8.674116137717527986e-01 -3.698816217107709151e-03
-1.996972338298617728e+02 8.992710801540938492e-01 -1.930860647154583132e-03
-2.009940658456668814e+02 9.821602212747850835e-01 2.680429093276449903e-02
-2.002356567983985087e+02 9.838082386879368757e-01 3.581016317935471760e-02
-2.008870430560294551e+02 9.430943083349053735e-01 2.151892767614852972e-02
-1.789913511890607083e+02 9.830756921897760847e-01 1.243473031131435980e-01
-2.006607245998773692e+02 9.511006801425452295e-01 2.775418939940468149e-02
-1.972842265288805947e+02 8.472636748557169639e-01 -9.196138665293373312e-04
-1.896194828325048718e+02 7.699492570469234076e-01 -2.513949986384272917e-02
-1.681049635073593151e+02 7.622397477887074002e-01 -1.057420116616877154e-01
-1.696720201327819950e+02 7.258071827874718052e-01 -9.216412704550647206e-02
-1.804829574052541830e+02 7.300330732651308940e-01 -5.536578147155791357e-02
-1.934378949292286904e+02 7.913670455168039242e-01 2.762422604331501649e-02
-1.884140006031053645e+02 7.610074245851011776e-01 -2.826296265094030771e-02
-1.919819435569267227e+02 7.688861267109712294e-01 8.040099983157944150e-03
-1.931067222037667648e+02 7.824863033489537489e-01 1.696371102502453390e-02
-1.941092960267369278e+02 7.955378125899771335e-01 1.689806391800990903e-02
-1.857782139703840869e+02 8.089159135634750308e-01 8.765812891708635313e-02
-1.876507835294517292e+02 8.748616105257852604e-01 9.226257819577651786e-02
-1.889072875055636587e+02 8.493912198640939382e-01 8.313054397461797085e-02
-1.932185239840185602e+02 8.270321360376744479e-01 5.418068246072553495e-02
-1.929581975095069879e+02 8.308353488419382149e-01 5.739900829448716518e-02
-1.943149932646102229e+02 8.602261850174661717e-01 5.827813604072786674e-02
-1.825620779409210854e+02 8.221483884178053536e-01 1.029868560641012537e-01
-1.812050636935749139e+02 8.772439015707353960e-01 1.147666583590011558e-01
-1.709891005757667131e+02 8.810371041654331270e-01 1.446645111605425471e-01
-1.888728935979466996e+02 9.115931068586653474e-01 9.148000217819905744e-02
-2.001768143696708933e+02 9.056802562725653205e-01 1.027782383361897783e-02
-1.916201069213965695e+02 8.266808157306285709e-01 -3.992854259015261170e-02
-1.940015961194502836e+02 8.115655280692468665e-01 -1.527616423677740851e-02
-1.930983006320405480e+02 7.846844011137843466e-01 2.384481992590536253e-02
-1.870330894467427925e+02 7.823224830607514724e-01 7.390365764770107093e-02
-1.884995624808917114e+02 7.507834676234459437e-01 4.821421242237021454e-02
-1.954456326857205966e+02 8.185706440642857018e-01 -1.960001696586756437e-03
-1.865774367590824738e+02 7.673624078207929022e-01 -4.271981041193920192e-02
-1.884442425486500667e+02 7.429072714368316621e-01 -1.382303577375143186e-02
-1.900120287903362168e+02 7.489936396753429371e-01 8.924116925529778201e-04
-1.899927080646652655e+02 7.469397196293273700e-01 5.763353273673609521e-03
-1.890254906581298258e+02 7.471335381167931722e-01 -1.175751380379347691e-02
-1.895036980209645492e+02 7.407010102112345784e-01 1.056460446599852103e-02
-1.937853763189835661e+02 8.122349703712323787e-01 -1.790736018843649274e-02
-1.920417005600885147e+02 7.823233167636344243e-01 -1.236445898291595354e-02
-1.953550865668131280e+02 8.124063420931469937e-01 1.317097708245434928e-02
-1.958235939919784983e+02 8.261492501881230188e-01 -4.359998553706265212e-03
-1.978290143374828460e+02 8.717453007573061630e-01 3.388178674937450396e-02
-1.980569268201929560e+02 9.149954760864001946e-01 4.626818974405273732e-02
-2.000296840070415954e+02 9.024244072359159929e-01 1.419511833074911869e-02
-1.983485998899660387e+02 8.624382515877073718e-01 1.118317343584364354e-02
-1.957398319717687514e+02 8.205587060355219453e-01 2.151740244223514578e-02
-1.927777164709716260e+02 7.892861092751271013e-01 3.547769301698419642e-02
-1.944425506012667313e+02 8.046317395543721718e-01 -2.435690581019402633e-03
-1.971631425983175632e+02 8.468537813731427111e-01 -3.018707176536496173e-03
-1.956714026530767114e+02 8.790180064601799126e-01 5.471504874643760841e-02
-1.868554210830320983e+02 8.977853316050650179e-01 9.768181498102430915e-02
-1.784600072026257465e+02 9.285987860772340063e-01 1.258530881236733789e-01
-2.011938273729541606e+02 9.441073010492108120e-01 8.274622610525549093e-03
-1.987500804449798295e+02 9.202576923230025852e-01 4.173459749345449776e-02
-1.997429438465079841e+02 9.404485060707329369e-01 3.656519380338898312e-02
-1.972475383069398731e+02 8.579952045742511579e-01 -1.125854843715674153e-02
-1.960832508432106920e+02 9.000317286750562085e-01 -3.630566808139155943e-02
-1.913591500386534108e+02 8.815889106510184092e-01 -5.581909948385577885e-02
-1.997172063205593133e+02 9.138513860106485254e-01 -1.028739959705643990e-02
-1.947548544655163028e+02 9.284626538356364200e-01 -4.827436705303060627e-02
-1.936625902495273408e+02 9.690965379973957017e-01 -5.671061407867295651e-02
-1.819081067211751304e+02 9.523828434837928736e-01 -9.491202892951387804e-02
-1.961349187474177143e+02 8.961551526828882563e-01 -3.508299669794619213e-02
-1.987504125337903247e+02 8.785313073284216623e-01 2.454510173666165154e-02
-2.002728000893602882e+02 9.592423091840291960e-01 3.387501620666304863e-02
-1.965096004762577309e+02 9.197854607315401054e-01 5.746282279324767261e-02
-2.008835018776513266e+02 9.393081614336291629e-01 -1.734402881522020649e-03
-2.005437129435013901e+02 9.479178570893549427e-01 -1.079464266819379382e-02
-1.977951321085101313e+02 9.456595147051403139e-01 -3.405142339736308421e-02
-1.990412070026445122e+02 9.002431368851245841e-01 -1.288265599844865342e-02
-1.873525586638236291e+02 8.708944386412957872e-01 -6.937274764592385456e-02
-1.764720093611646803e+02 8.395579421387607821e-01 -9.786469588835995659e-02
-1.669062824469108364e+02 8.467004582590184070e-01 -1.231146939781838229e-01
-1.563034987326577721e+02 8.405682901447655286e-01 -1.460557543571670280e-01
-1.782882394376364061e+02 8.742917632375425407e-01 -9.787868478299439901e-02
-1.926139806606080072e+02 9.351080250252531423e-01 -5.844667471930242025e-02
-1.973638947185700374e+02 9.215172544859967507e-01 -3.292466150674681208e-02
-1.935317755507366542e+02 8.544287403610256737e-01 -3.866479420679552054e-02
-2.007041128127030447e+02 9.767169326091122983e-01 -1.354394119833588275e-02
-2.003053873052922143e+02 9.095343864276796975e-01 9.613714268989898698e-03
-1.966409249624184952e+02 8.529535746716166988e-01 3.717234268893920140e-02
-1.865222595407272195e+02 9.295771006510036294e-01 -7.968231039566767149e-02
-1.883481272419269885e+02 8.974852716405199438e-01 -7.000481814280182236e-02
-1.976649111077916245e+02 9.052264035576058632e-01 -2.715634333733150246e-02
-1.976646008747395911e+02 8.910937892996241283e-01 -2.286668530778156183e-02
-1.969524316991608544e+02 8.375389876920620313e-01 7.663003894969883621e-03
-1.979033183050225659e+02 8.600417412909026060e-01 -2.682481121069869422e-03
-1.958609099925625685e+02 8.488950543018635164e-01 4.283546574814878216e-02
-1.987527927837947175e+02 8.900890479445414671e-01 3.180975850210100014e-02
-1.978283623663175206e+02 8.525964322430649167e-01 9.175806008719054885e-03
-1.986114686391125872e+02 9.143718793867408046e-01 4.158688441002222902e-02
-1.968725426823121438e+02 8.701757991034009265e-01 4.293546637160514795e-02
-1.974652925716076197e+02 8.570606421741133740e-01 -7.574328847883903676e-03
-1.946314142164171130e+02 8.967898752037006815e-01 6.450716039388013079e-02
-1.915111030303962707e+02 9.764208977812146584e-01 8.394055321380297641e-02
-1.889662556105087106e+02 9.808254887838873115e-01 -7.462438112160989234e-02
-1.996540557698319276e+02 9.794736220201840649e-01 -2.407386979210055303e-02
-1.943348691821146872e+02 9.559654064596896372e-01 7.171514652351131114e-02
-1.818551447752054457e+02 9.681429671091983380e-01 1.163400659094613460e-01
-1.821523963601493108e+02 8.924652287058313371e-01 1.130110525120034820e-01
-1.839862035670531668e+02 8.780916417184653211e-01 1.057563137136380144e-01
-1.820007171936439079e+02 9.189101891808506561e-01 1.150406882161687516e-01
-1.903895042046683272e+02 9.136784880946462462e-01 8.581044974061985409e-02
-1.982525807235767275e+02 8.697677055293816517e-01 2.651980632271255106e-02
-1.918430276255204490e+02 8.176765169063450189e-01 5.962612762827343427e-02
-1.959874338167441010e+02 8.238790384196246208e-01 2.048487462890022370e-02
-1.958985478682438384e+02 8.725157314750019433e-01 -2.985115185151112835e-02
-1.888110216460593449e+02 8.912925015327737288e-01 -6.744716495258110123e-02
-2.014084107168957871e+02 9.606239411195816036e-01 3.729027682145614944e-03
-1.972924433107495474e+02 9.568296272760234977e-01 -3.830190121146517801e-02
-1.995695246929533369e+02 9.741196491556090020e-01 -2.442528160465855594e-02
-1.998358044790574297e+02 9.786339075555827716e-01 -2.248692056618394747e-02
-2.011923229153357795e+02 9.496973894947621231e-01 1.446890488635843098e-03
-1.991389435233106724e+02 8.968675701711564807e-01 2.997471428077665145e-02
-2.010209828843617004e+02 9.406879135523544821e-01 1.665419064434656149e-02
-2.014736675821224878e+02 9.663792046393807622e-01 1.348149418760748695e-02
-2.013611722549637761e+02 9.961831193295684894e-01 2.037566890144078616e-02
-1.859842611963727563e+02 9.536443903665589028e-01 -8.306977054554656736e-02
-1.980357598543747599e+02 9.866336767464076729e-01 -3.571791908764773010e-02
-1.894569597546479258e+02 9.628636172341437094e-01 -7.227565453879702950e-02
-1.992134076558847937e+02 9.395600387291461741e-01 -2.288173725570279843e-02
-2.015410674479249451e+02 9.787826163673392088e-01 2.097230078977501463e-03
-2.015814880458142397e+02 9.937348335865706650e-01 1.402269538298656776e-02
-2.014852155146330688e+02 9.658629165118775006e-01 4.684828308200343974e-03
-1.986596420731844148e+02 8.935346584264802772e-01 -1.429154722795926945e-02
-1.990183169029457133e+02 8.779981299081204282e-01 1.661251858777951229e-02
-1.986497070616322560e+02 8.973272369274228888e-01 -1.602888947264152764e-02
-1.977964315295181450e+02 8.831128224646499492e-01 -1.865484498832174418e-02
-1.963896016521414083e+02 8.417595905595993688e-01 -1.047157115101070290e-02
-1.980481463317171631e+02 8.572264823323969551e-01 1.508150578648758885e-02
-1.969012614944147401e+02 8.649381871334848038e-01 -1.890019065899460615e-02
-1.968148551339147900e+02 9.070481236796253954e-01 -3.340629851260513983e-02
-1.847035438295308722e+02 8.878918798605746066e-01 -8.085061941231425076e-02
-1.971569667279813416e+02 9.189327268994952336e-01 -3.374128566966064918e-02
-1.981201361123563913e+02 9.385058655017549656e-01 -3.091407724700762777e-02
-1.973487198564986045e+02 8.483156252396119035e-01 2.290051609924443135e-02
-2.009158801038489344e+02 9.312276309639955230e-01 1.033809068490712524e-02
-2.005931600135774602e+02 9.207183806435613738e-01 1.471662975791337806e-02
-1.978593125186950772e+02 8.869473300326990994e-01 4.023047116369618537e-02
-1.974006564693027315e+02 9.632684498775561099e-01 5.614328995473709394e-02
-1.961689097257977323e+02 9.445389912435911972e-01 6.199656394285520816e-02
-1.971949840864959071e+02 9.509123423994368940e-01 5.666519133898131194e-02
-2.004617122583956927e+02 9.541317688404780117e-01 3.097070751982152620e-02
-2.005151600510516801e+02 9.227756840779857139e-01 -6.657637420753779144e-04
-1.892125985320951997e+02 8.855607504136168151e-01 8.754043387853002733e-02
-1.739830059179861053e+02 8.226679606184019722e-01 1.311568257860360465e-01
-1.834883580175556972e+02 8.056809800819788592e-01 9.623403160935563305e-02
-1.848164460233954003e+02 8.486806956983869998e-01 9.915670233427770208e-02
-1.933115493606221662e+02 8.398550234544506221e-01 5.828724346819810082e-02
-1.964563703625330788e+02 8.299615350030137284e-01 5.846375609636432491e-03
-1.945969481704287318e+02 8.060920448746585754e-01 -1.445641481495547756e-03
-1.936937314857285912e+02 8.245966188835847088e-01 -2.583598612201595812e-02
-1.991380800640718007e+02 8.830594804082053662e-01 4.818472243421234201e-04
-1.926879594041948280e+02 8.221086696317002618e-01 -3.171744932484187041e-02
-1.971831400619198575e+02 8.414182665309394293e-01 7.697740604240484695e-03
-1.953697196988935048e+02 8.328657730390046643e-01 -1.590394074252016524e-02
-1.998180304723388474e+02 8.991733516822351113e-01 1.834609206268486906e-02
-1.988673194649243214e+02 8.740262479349938385e-01 5.617371880964321801e-03
-2.013253953750729011e+02 9.515946194334451436e-01 9.043585737520613843e-03
-1.968637380276532838e+02 9.226508422501662476e-01 -3.622950705140546429e-02
-1.991860736438462425e+02 9.395375283462508165e-01 -2.310760827857946675e-02
-1.923284842488480137e+02 9.918378687175362085e-01 -6.276832047369579337e-02
-2.014892744569058891e+02 9.801168116769874983e-01 -6.349014888156129851e-05
-1.998744710324188247e+02 9.692091639363894506e-01 3.870047198615500506e-02
-1.984384223399997325e+02 9.688256300754857220e-01 4.981685876952824527e-02
-1.972612768933232132e+02 9.408122063374229072e-01 5.542614357912582779e-02
-1.997806580988874998e+02 9.143832210963185325e-01 2.888711177290398738e-02
-1.978352116841472537e+02 9.554939131716773115e-01 -3.493954860314546496e-02
-1.975077980277894483e+02 9.495594786716099467e-01 -3.628724356289096675e-02
-2.013542959360338784e+02 9.602860374706636559e-01 1.516049845782650079e-03
-2.003924929458255519e+02 9.608708366758496044e-01 -1.523920840545733499e-02
-1.960656912343239924e+02 9.052222996517570452e-01 -3.754585616407425663e-02
-1.974692426349634786e+02 8.491083188910614199e-01 2.089017528813785080e-02
-1.942030717003549682e+02 7.976930564741824270e-01 4.610618031546376977e-03
-1.875790347347428337e+02 7.652113331716706712e-01 6.366524214377672353e-02
-1.932941864901438294e+02 8.015232135127869917e-01 -1.503556378604369546e-02
-1.947884079781589435e+02 8.225399961681900685e-01 -1.495678819614621249e-02
-1.969931609360455695e+02 8.392436965434741936e-01 1.812830226040634818e-02
-1.993989611616792388e+02 9.626041736917977376e-01 -2.476601495498813310e-02
-1.937022752705963740e+02 9.887459511993591521e-01 -5.720994221962024534e-02
-1.963316201909510994e+02 9.987949253424722729e-01 6.209476334060443775e-02
-1.964289775172932764e+02 9.852902922146472564e-01 6.189474752386511097e-02
-1.854624808860106100e+02 9.923942335588354924e-01 1.048260052562452332e-01
-1.930142188420662421e+02 9.732707292554263478e-01 7.785773942683471560e-02
-1.886085818542826189e+02 8.981694231766532699e-01 9.128064812723395149e-02
-1.813085545862529955e+02 8.846913724430266468e-01 1.150719791056048075e-01
-1.821469920134080382e+02 8.531382328002010684e-01 1.091168861308871724e-01
-1.870315405946103340e+02 7.949991360617471026e-01 7.815978187889029150e-02
-1.811854598988572036e+02 8.478101792755554644e-01 1.116494538390170599e-01
-1.845133187940910489e+02 8.039684777465195831e-01 9.174247155512048335e-02
-1.836528852761508404e+02 7.566622431385716663e-01 8.149865287938179437e-02
-1.775330658089782787e+02 7.441549127379670781e-01 1.038981136305787145e-01
-1.817709862091703314e+02 7.536712682445477762e-01 8.918840899885836782e-02
-1.914140085031104093e+02 7.647389075498526312e-01 8.406603276233589076e-04
-1.898652253400320831e+02 7.618019668269409017e-01 4.402041773089297727e-02
-1.937510217246899913e+02 8.178880134119562717e-01 4.577040743914592008e-02
-1.882423631099594843e+02 8.410280335396780327e-01 8.433090232684385679e-02
-1.998334723719175940e+02 9.119106084930891365e-01 2.699000057280064729e-02
-1.966482243444201288e+02 8.603440151175103523e-01 -1.902548321631345601e-02
-1.995857415818934157e+02 8.915164821169002662e-01 3.761392853566730872e-03
-2.015706900575233647e+02 9.724524948199180230e-01 7.384702937629106234e-03
-1.976481674507342348e+02 9.688509952897974564e-01 -3.719976117022118223e-02
-1.904859305820342001e+02 9.754946494716506544e-01 8.786305984550313308e-02
-2.002246360469650028e+02 9.854360935371900831e-01 3.593297032621459164e-02
-2.009629208417499342e+02 9.740734097266355862e-01 -9.825466413174461372e-03
-1.952892197261987235e+02 9.388660963188935060e-01 -4.697852300713405843e-02
-1.959326376057819630e+02 9.360036126836966952e-01 -4.340163546425252622e-02
-1.926270214934098703e+02 9.952222337013122422e-01 -6.163936866222734928e-02
-1.980970860049975215e+02 9.820333727554907410e-01 -3.519212684468996793e-02
-2.010892746870140115e+02 9.783237500776520434e-01 2.514286718028773196e-02
-2.013871132471362557e+02 9.562881195667358725e-01 6.538814992265586969e-03
-1.966221796078540649e+02 9.651638186616335879e-01 6.063540292852454688e-02
-2.005705266520349142e+02 9.816787133124245113e-01 -1.547671061061156421e-02
-1.995922951529622082e+02 9.862829527773426808e-01 4.161106532057206459e-02
-1.843608122898624799e+02 9.859721818636666413e-01 -8.910552496558614421e-02
-1.970926152211985141e+02 9.246488872117888391e-01 -3.519906157384768142e-02
-1.856570628188429168e+02 9.053686188544715074e-01 -8.000243444202623233e-02
-1.946034168026231441e+02 9.318953398655562825e-01 -4.942335467856876635e-02
-1.929368510543843911e+02 9.034729538875687638e-01 -5.290150061093738115e-02
-1.923252440350582901e+02 8.754220201024294212e-01 -5.028916460062703847e-02
-1.975666669987861894e+02 8.630879785101188695e-01 3.212015429069424444e-02
-1.960690174635150811e+02 8.433077437137880272e-01 3.783230318015075311e-02
-1.961587679072836465e+02 8.565217764564316827e-01 4.361918471735262010e-02
-2.007918539833885347e+02 9.261804566334544964e-01 9.027255662560991836e-03
-2.009557223921949856e+02 9.652590166005945438e-01 -8.616244480180784357e-03
-2.013166608391862553e+02 9.551759562523612912e-01 2.915549831858157363e-03
-1.989921285743578778e+02 8.963065178953866230e-01 -1.163265647568282116e-02
-1.953070467739593994e+02 8.742695943662919245e-01 -3.425724408805297383e-02
-1.988528150709833255e+02 9.048043368995518643e-01 -1.681787940558084060e-02
-1.993786423244716559e+02 9.001550773674594774e-01 -8.336435427870016873e-03
-1.981618047977414676e+02 9.588642580758601763e-01 -3.322040999076791151e-02
-1.898615702369449423e+02 9.307020691633455245e-01 -6.851957427644925214e-02
-2.011199969759307180e+02 9.975072146175013588e-01 -8.665830937950477070e-03
-1.880029759225601538e+02 9.694227739225699247e-01 9.678175030943153567e-02
-1.993893951309487704e+02 9.785382593038561838e-01 4.317792898295240434e-02
-2.012273375854938706e+02 9.887185939462579398e-01 -6.788243252124131696e-03
-1.994364342389147282e+02 9.586369413491586666e-01 4.173669861203748582e-02
-2.015931709693609548e+02 9.956613874600301894e-01 2.775027745764299062e-03
-2.006844294719491302e+02 9.487128966238767003e-01 2.686404945523842777e-02
-1.971489118150127240e+02 9.657473406083698642e-01 5.770867381637055649e-02
-2.000685572521052791e+02 9.715371459543977739e-01 3.701992005527769691e-02
-1.962923938347872763e+02 9.964960749107143467e-01 6.237724638231335189e-02
-1.941530733455772690e+02 9.696758999093894049e-01 7.288329818898596490e-02
-1.992347783196512410e+02 9.848342720427245567e-01 4.444379755109902075e-02
-1.982383443401818965e+02 9.938549721531237946e-01 5.127101085136617775e-02
-2.001512727568921548e+02 9.483303050023934588e-01 3.363809775599112956e-02
-1.960039939908781719e+02 9.213120196137380979e-01 6.059204147911294303e-02
-1.977789280977244744e+02 9.751264776495329745e-01 5.422378009746408462e-02
-2.014083824463619976e+02 9.805332064798905067e-01 1.904270018488786118e-02
-1.932916718745775029e+02 9.866072489266545231e-01 -5.886031066827846631e-02
-2.000227560444349422e+02 9.263534007115230562e-01 2.993458813273005767e-02
-1.961091456837738463e+02 9.030279832321483902e-01 5.717878935638372878e-02
-1.986229327008481391e+02 8.925765461091207387e-01 3.451393741747993404e-02
-1.944395767320762616e+02 9.201917308328284584e-01 6.866966210804804904e-02
-1.981978214845305786e+02 8.767906873361507314e-01 3.202824904687643498e-02
-1.993477351055224460e+02 8.850838080847205358e-01 1.533602810608596274e-02
-1.942304316549752059e+02 9.198413206259128394e-01 -4.955887758016875450e-02
-1.970058828947744587e+02 9.515138391854712774e-01 -3.940759037782912144e-02
-1.848996229030945528e+02 9.103908428365824479e-01 -8.292891612200997686e-02
-1.817659563768786484e+02 8.748604092648927244e-01 -8.805492362793281014e-02
-1.808970019501234674e+02 9.300385521993530524e-01 -9.631481524940702088e-02
-1.784444103934183090e+02 9.542318164528216240e-01 -1.042977303982469961e-01
-1.524101252341665713e+02 8.951336370027680456e-01 -1.590536959547642348e-01
-1.843703830185299068e+02 9.228026723495776906e-01 -8.574671562596364316e-02
-1.954054510650398129e+02 9.405304054756252752e-01 -4.659875459147418131e-02
-1.983285118467628649e+02 8.621251501755137214e-01 9.075509851360057806e-03
-1.991775786632615279e+02 8.916035476809642812e-01 2.641986739545981039e-02
-1.995158596681599477e+02 8.881196776762648737e-01 8.397333817149616950e-03
-1.961489729777909190e+02 8.526635098884065567e-01 -1.976819382088737531e-02
-1.982957777497312293e+02 9.229119700577053109e-01 4.597048783205359007e-02
-1.967211052981072612e+02 9.195083571969554503e-01 5.614538284029073345e-02
-1.992106922712138726e+02 9.382136775474151369e-01 4.114477886151657327e-02
-1.999862096612804123e+02 9.011166039442656261e-01 5.642413036470529490e-03
-1.768626922152300551e+02 8.256306436816428507e-01 -9.439470792473707295e-02
-1.965628383835693853e+02 8.316039727869408704e-01 6.024640692066015983e-03
-1.951921204872683404e+02 8.100554432866106103e-01 1.322637453206844046e-02
-1.974544786528801694e+02 8.462645061891737042e-01 7.053753981941669748e-03
-1.932244865757545824e+02 8.821556413937544638e-01 -4.753040909078187770e-02
-1.963134563088423192e+02 8.855084941747212168e-01 -3.111007988173962457e-02
-1.993826689905370984e+02 9.081731401047171692e-01 -1.219060588466395686e-02
-1.969420053150224703e+02 9.390558621259829097e-01 -3.830232603881425502e-02
-2.006119849620374112e+02 9.918443850367185677e-01 3.178147547231933989e-02
-1.951168190989073423e+02 9.603838340615868940e-01 6.818555756082878005e-02
-1.995846131565336350e+02 8.904868317946945666e-01 1.426433866060924580e-02
-2.009472429887918281e+02 9.324698903280005391e-01 8.712515721460475232e-03
-1.985926732761131461e+02 8.916758313898337507e-01 3.448003310993628945e-02
-2.014044966246690649e+02 9.648126297050717559e-01 1.342405835653549904e-03
-1.989895202370508116e+02 8.902263710800600860e-01 -8.333126532777457296e-03
-1.941232525989291275e+02 8.906369788120684916e-01 -4.492860362554434300e-02
-1.913656760849847274e+02 9.416433470279899076e-01 -6.396728265227584476e-02
-2.010125194279848699e+02 9.409787029378580137e-01 1.714481533626547455e-02
-2.000385505111673012e+02 9.017092928327549162e-01 1.050070266997852643e-02
-1.971677891078196012e+02 8.782118956481150818e-01 4.334600456245475686e-02
-1.965865646477117821e+02 8.362316005104993843e-01 -1.921916458847919805e-03
-1.991444778041937980e+02 8.822001688120543195e-01 1.870145945029519016e-02
-2.003781889081442387e+02 9.214746222930901842e-01 -3.075647812428624738e-03
-1.956003561553487202e+02 9.591105908576565975e-01 -4.738703728555587746e-02
-2.013310000607947359e+02 9.616665810171871609e-01 1.720199987221035856e-02
-2.004092156933911326e+02 9.471467662310819602e-01 3.034623543325756095e-02
-1.898991635135582783e+02 9.693619816402072598e-01 9.004283584181944911e-02
-2.014013755468257898e+02 9.623950458033033728e-01 2.338192504944528252e-03
-1.991096914128209505e+02 9.886889451773757109e-01 4.536300899264418540e-02
-2.004791925091616349e+02 9.736144532087824821e-01 3.289688590635524851e-02
-1.690027846092937693e+02 9.172447085367092523e-01 1.511349641775146802e-01
-1.703489393238223499e+02 8.596194589155173871e-01 1.450955137949489770e-01
-1.754575829616597105e+02 7.463325184573200710e-01 1.123424882348987991e-01
-1.467988640941034078e+02 7.819423439527115605e-01 2.017335087917204728e-01
-1.614390729133287152e+02 7.626489378014076337e-01 1.599231389888941257e-01
-1.495422283696281909e+02 7.361976689370970384e-01 1.901626208750863412e-01
-1.530047433395267262e+02 7.543565311024061915e-01 1.825757232546920683e-01
-1.870665202260233286e+02 7.707086425297894339e-01 6.919397956790801496e-02
-1.934829768669081602e+02 7.888261874124496975e-01 3.167430832338466971e-03
-1.836874429607265142e+02 8.224102137112554445e-01 9.888349246548019944e-02
-1.852246034113447593e+02 8.325632505206905787e-01 9.492698934852827897e-02
-1.943853418532646629e+02 8.185558714792512403e-01 4.017529170271286892e-02
-1.881330468769969286e+02 8.212915198457170218e-01 8.035289275487537963e-02
-1.749012034768639126e+02 8.187507477936365463e-01 1.278622540388134332e-01
-1.803252100431282940e+02 8.010440941017186178e-01 1.070902693987355464e-01
-1.974344551828886267e+02 8.520286522953839370e-01 2.536247902901717088e-02
-1.975932900482666525e+02 8.832876419378131727e-01 -2.059706948366616525e-02
-2.001971915510076769e+02 9.202202729340931420e-01 2.485971791871850398e-02
-1.983115179085265254e+02 9.136836826463693439e-01 4.396633811422673288e-02
-1.948350259754828357e+02 9.810623852558351121e-01 6.980952637913490078e-02
-1.886740884690680389e+02 9.656779147368932392e-01 9.443453574662502570e-02
-1.993053411795195871e+02 9.650093539926133390e-01 4.328544182890464720e-02
-1.987201403143087362e+02 9.965200262650913965e-01 4.797684578484399942e-02
-1.994479671048822524e+02 9.628577154634460067e-01 -2.439723581131936908e-02
-2.009254926682176574e+02 9.558710055723108612e-01 -7.055280307244690338e-03
-2.008191682123195392e+02 9.870527100804747933e-01 -1.278460491244298551e-02
-1.956229519247381461e+02 9.174597293175066337e-01 -4.229483022226377537e-02
-1.981739542182693299e+02 8.780963231007800074e-01 -1.218779012577161230e-02
-1.989997588880868875e+02 9.123877075936500658e-01 3.742758330023129854e-02
-1.871179945695696745e+02 9.092762844565023261e-01 9.768449801132790544e-02
-1.747716261545363068e+02 9.031702453942479503e-01 1.353699499594376576e-01
-1.815117519469905858e+02 9.468741892580705422e-01 1.173055229468815269e-01
-1.977133658063439157e+02 9.956868117928440176e-01 5.448298219784591251e-02
-1.985289406809931450e+02 9.807869702997313865e-01 -3.238668608110276820e-02
-2.016354547081406565e+02 9.840266183374932751e-01 7.929944494396528459e-03
-1.873189136864188242e+02 9.880069718051489591e-01 9.887836674860495112e-02
-1.970025160286752737e+02 9.863096532346827816e-01 5.877950163673945766e-02
-1.953020067029024460e+02 9.973559676830188181e-01 -5.027712312800540484e-02
-1.997838702819831553e+02 9.668389423854136799e-01 -2.198110283200273990e-02
-2.010023157110863963e+02 9.766128345098146202e-01 -9.530409405594761005e-03
-2.016250906572591077e+02 9.887505894353624258e-01 1.151487258197489774e-02
-2.000754571943993767e+02 9.475183471149317693e-01 3.433346511241843618e-02
-2.011514926242904835e+02 9.554955946606856765e-01 -2.445927309530030597e-03
-2.015857973569756894e+02 9.938353485666038267e-01 1.381944877236945465e-02
-2.008822848226267297e+02 9.321507411897401729e-01 3.603261831663282042e-03
-1.980009108497773695e+02 9.876227762607940885e-01 5.289211489572888392e-02
-2.011006600269638511e+02 9.968671539299424067e-01 -8.982920869597040350e-03
-1.994405451707074519e+02 9.815451254005559401e-01 -2.589584121696739821e-02
-1.889583497719201262e+02 9.800043097420017002e-01 9.338082652426876740e-02
-1.987459115435674164e+02 9.611789549730347382e-01 4.728116198737342818e-02
-2.005032015771591318e+02 9.834576633122733558e-01 3.301070831728588478e-02
-1.945441088585374416e+02 8.874110997017032876e-01 6.330364927481992032e-02
-2.004374846202696574e+02 9.480228958708482034e-01 -1.222075754114296080e-02
-1.998647932652101815e+02 9.075088281065128992e-01 -4.586003096771941109e-03
-1.988682775957007323e+02 8.995362461051541469e-01 3.452336844203018201e-02
-1.992122305013568564e+02 8.854047843193563194e-01 2.062880180428255245e-02
-2.003484565446291867e+02 9.152655007848641278e-01 1.819866210664251513e-02
-2.007102749830080199e+02 9.277962177315161041e-01 1.113606916884760665e-03
-1.989208713315628643e+02 8.835259067200826877e-01 -4.799253316421506904e-03
-1.959292642921198251e+02 8.209644443530844660e-01 9.971229497506877565e-03
-1.923243097753793620e+02 7.804086706855600797e-01 -6.646281491630188359e-03
-1.883925343560367480e+02 7.319430379703227851e-01 7.539391835849015323e-04
-1.921921884328965575e+02 7.819575458790951616e-01 -1.018742147309907933e-02
-1.558946024646575097e+02 4.836110686614140119e-01 1.592967054906337977e-03
-1.568731299258969329e+02 4.965440226214385966e-01 -1.217850231981151658e-02
-1.609582624894885043e+02 6.388666423605859901e-01 -9.020834007415776123e-02
-1.608530027206735724e+02 6.323113644316884496e-01 -8.801773590421378690e-02
-1.704056446875053723e+02 6.880894654346578765e-01 -7.748906704798667888e-02
-1.831078485668426481e+02 7.260652393594801968e-01 -4.065520424307715597e-02
-1.738954691019155518e+02 7.399895319619904654e-01 -8.320315889661974995e-02
-1.917901349876620429e+02 7.776610275309451259e-01 -1.080883430113983683e-02
-1.959814967310864802e+02 8.220817142180886217e-01 7.792656088877822004e-03
-1.914057528021010910e+02 7.766833876206608034e-01 -1.428056883062540222e-02
-1.735932785755256305e+02 7.442526417031569697e-01 -8.540098400994865224e-02
-1.825913267125120285e+02 8.153470557301102373e-01 -7.456445906022561576e-02
-1.889778693039993982e+02 8.958839346182624341e-01 -6.752024135393308590e-02
-1.942794334534038683e+02 8.947481934751831956e-01 -4.499548890698189946e-02
-1.974091219800123724e+02 9.393589691610889636e-01 -3.558979035306032712e-02
-2.016214548716325794e+02 9.818538186371381649e-01 6.426085598557693644e-03
-1.977395706467103196e+02 9.536352270229474515e-01 -3.533318032527554137e-02
-1.998592771023104717e+02 9.298702435744605754e-01 3.299472743607669012e-02
-1.931451799596942465e+02 9.430982255273666626e-01 7.644910065057131110e-02
-2.004697688681736736e+02 9.364975013370631096e-01 2.676258605520931422e-02
-1.985957443534834681e+02 9.028496827726083529e-01 -1.866222008715351030e-02
-2.004132950981413899e+02 9.324016735884446128e-01 -7.778685196823874499e-03
-2.009263857668247510e+02 9.459227359222277531e-01 -3.824728493632444278e-03
-2.005850841669597173e+02 9.267702869590129788e-01 2.033167970185590159e-02
-1.990634372301916244e+02 9.828154015266618027e-01 -2.878564380519097951e-02
-1.985027080792024208e+02 9.501261099056328430e-01 -2.995592246382641419e-02
-1.789227539663916957e+02 8.667790365170477962e-01 -9.512566100882563491e-02
-1.998696871719724300e+02 9.061077083342868876e-01 -3.533657147001924032e-03
-1.980108459058770052e+02 9.057484273835605393e-01 -2.465171118820150969e-02
-2.014226032368023311e+02 9.715963605759567745e-01 1.726232254389442264e-02
-2.010187963330069749e+02 9.418913888384931044e-01 1.751839151390940583e-02
-2.013465547785918091e+02 9.590764405262469650e-01 1.556941936853738044e-02
-2.007325540975715512e+02 9.242489543878751324e-01 7.205338165343234264e-03
-1.992141850105214189e+02 9.345844174682503835e-01 -2.187422676081285725e-02
-1.960111804947910059e+02 9.280193998848493830e-01 -4.189525158512488051e-02
-2.013190710516756496e+02 9.601911555199581505e-01 1.703186528953847326e-02
-2.010866639956425104e+02 9.808635845322832836e-01 2.533475789901306827e-02
-2.013567625351400068e+02 9.650457425394964872e-01 1.752438006246175364e-02
-2.000556913512691324e+02 9.550264133247323706e-01 -1.788882395822651364e-02
-2.004422565072792395e+02 9.232578488645903914e-01 -2.775975911166050133e-03
-2.008448237453417846e+02 9.341503203049007498e-01 4.021502147836115678e-04
-1.997473429081184406e+02 8.983979547699323387e-01 1.964657159858953020e-02
-1.971192403315102126e+02 8.562641640584637281e-01 -1.169413870889526343e-02
-1.949482548931774772e+02 8.136470272473960152e-01 -4.925148087390614562e-03
-1.839600979468770561e+02 7.700869924083929563e-01 8.469199579973479830e-02
-1.851402845973965725e+02 8.038836418518899851e-01 8.912027630182293991e-02
-1.888249453752323461e+02 8.234058794992654695e-01 7.767936161192678934e-02
-1.938748496903251350e+02 8.332992556400581341e-01 5.205663771135919660e-02
-1.887831483801182912e+02 7.382602330692153991e-01 3.169110576544213742e-02
-1.797238277010728495e+02 7.667941392543471402e-01 1.015456289033442178e-01
-1.851197088994424291e+02 7.930514060445696956e-01 8.637885436385349391e-02
-1.887821839905489583e+02 8.127109216007815107e-01 7.494270527731242137e-02
-1.962330722842165471e+02 8.542195506077320255e-01 -1.979093670828236881e-02
-1.991383519964722950e+02 8.949456232539938494e-01 -8.936202984110243677e-03
-2.008086705237861906e+02 9.268439265459700316e-01 8.790268617814313984e-03
-1.916876437490310536e+02 8.985747816688448575e-01 7.887184909488190176e-02
-1.979965100910671367e+02 8.725503478834751858e-01 3.223298744046081826e-02
-2.003942766667385342e+02 9.479743167489448341e-01 3.070245474602710523e-02
-2.014716132653300065e+02 9.913469754001017487e-01 -1.585550167297614587e-03
-2.009030896344486337e+02 9.322172060997597764e-01 1.378972830639924214e-02
-2.010350705001721963e+02 9.583737623721947374e-01 -5.766045503891453761e-03
-2.000209460220893050e+02 9.465421065604300299e-01 -1.669166457752172678e-02
-2.016144203165427200e+02 9.791833731289625309e-01 7.465474462342467851e-03
-2.000394012298825146e+02 9.691470299555412504e-01 3.715455492955745814e-02
-2.015798840661800284e+02 9.801535018538743982e-01 3.647098835214883459e-03
-2.010793612706521003e+02 9.982795367026057187e-01 2.537676578421531673e-02
-2.011735819066539648e+02 9.977528206833294888e-01 2.387538677310792681e-02
-2.013839490294285213e+02 9.618180785055018278e-01 1.910876260435092483e-03
-1.958737525559850496e+02 8.773819273493550508e-01 -3.158204945449054335e-02
-1.984444117956489322e+02 9.039033023307972980e-01 -2.042761067751581658e-02
-1.904649821721264118e+02 8.671640960595755621e-01 -5.666535239457416717e-02
-1.940204166458863995e+02 8.408812782012786702e-01 -3.085596285808349035e-02
-1.847792604341369156e+02 7.899896757097440991e-01 -5.954852215108947383e-02
-1.930851616775032369e+02 8.305604073707382184e-01 -3.275160689774658795e-02
-1.917893950091758200e+02 7.892093302367308993e-01 -2.038151355556979891e-02
-1.969902468863213016e+02 8.454407771891880863e-01 -4.730401807064122527e-03
-1.923748910935064771e+02 7.736694083049767690e-01 1.833307167502830001e-02
-1.927903462977093909e+02 7.827288946604142872e-01 -1.899024070222175321e-03
-1.933222495996920998e+02 7.905387492123648885e-01 -3.536626737819773339e-03
-1.895316310056032307e+02 7.418762229498108152e-01 2.171278707144136400e-02
-1.939827356741642461e+02 7.950803691592198685e-01 3.772316956407746353e-03
-1.921390463392865513e+02 8.367428031021699741e-01 6.431973868002417716e-02
-2.004189838730327438e+02 9.273054896023352756e-01 2.413595130557144933e-02
-1.893318480260827812e+02 9.394263270584927161e-01 9.146007796996082073e-02
-1.982226443152756303e+02 9.917408710869209942e-01 5.142190171415827321e-02
-1.883043783946979772e+02 9.623821443330260461e-01 9.570833273438997257e-02
-2.006573141932773297e+02 9.957311207073975545e-01 3.114624365255046906e-02
-2.009145678178801688e+02 9.814226255183038372e-01 2.790841653568824909e-02
-1.953175693087726756e+02 9.746190470975892861e-01 6.750792777172609505e-02
-2.002709906646019817e+02 9.255644312106037219e-01 2.597376690495109205e-02
-1.902748786050538570e+02 9.255389496719532705e-01 8.715566624951659458e-02
-1.954084487661547200e+02 8.901062930511589588e-01 5.889334203155150577e-02
-1.992393039280376854e+02 9.257431625371020933e-01 3.850396868361816161e-02
-1.997100288843881799e+02 9.223793863611898791e-01 3.263706705963231175e-02
-2.001310269738471561e+02 9.082943116752935087e-01 1.136264083337515385e-03
-1.909913452012864070e+02 8.904806591373450875e-01 -5.895315781036815361e-02
-1.946304396350338095e+02 9.900095265387212073e-01 -5.324692420063745213e-02
-1.950894907546679633e+02 9.255052552834504009e-01 -4.625223648268445703e-02
-2.008523286526197751e+02 9.290809636255091819e-01 6.567690959196661495e-03
-2.005997076631124969e+02 9.744514482569889280e-01 -1.457700943811464367e-02
-2.015777994592387188e+02 9.873372330680777464e-01 1.414492477937736616e-02
-1.800526256970771328e+02 9.908512962600415364e-01 -1.011477390310997482e-01
-1.805396877881308058e+02 9.940706814756983256e-01 -9.988243745587528644e-02
-1.976335755537423324e+02 9.759597330109902602e-01 -3.770485109255247713e-02
-1.995969933805990593e+02 9.886053391457414463e-01 -2.490711759722087290e-02
-2.010487614537693730e+02 9.520878284670720726e-01 2.125099372504138384e-02
-2.007709543518248552e+02 9.253784535802135336e-01 9.109791203077768906e-03
-2.007303475085176103e+02 9.513547495705600987e-01 2.677628027389681795e-02
-2.005592622330204904e+02 9.800657727825646814e-01 -1.549898090320228281e-02
-2.015474574470370897e+02 9.861550712346769387e-01 1.531572081410593165e-02
-2.005690784368596837e+02 9.435823369346593159e-01 -9.237122036428751029e-03
-2.013420882276817281e+02 9.534549423178649841e-01 1.139163871698483689e-02
-1.999130049694796583e+02 9.349182513558534913e-01 -1.512899848803593572e-02
-1.971343108782266711e+02 8.998709720175940285e-01 -2.953246357357813823e-02
