-1.003725380683035695e+02 7.962618243324469380e-02 3.939973554170811409e-01
-9.695958097196132996e+01 8.327807202190896929e-02 4.288927761394936700e-01
-9.302231227930695923e+01 1.525059504834982427e-01 5.156821422932684751e-01
-9.664904362911136104e+01 7.417547081808970044e-02 4.176547918090634526e-01
-9.870964282010493207e+01 4.660401949739829269e-02 3.998046851762014353e-01
-1.070347994830145097e+02 1.273748736111103286e-01 4.328935405865213526e-01
-1.049673557842875624e+02 1.849933530737528919e-01 4.325391029660101694e-01
-1.082320181531331258e+02 1.640029754715396360e-01 4.630724318516308835e-01
-1.028676515254731356e+02 1.737640062676430730e-01 4.839039122191888254e-01
-1.034759383282107166e+02 1.202017747504520034e-01 4.785034740393065977e-01
-1.041675139480296792e+02 1.494555620642213922e-01 4.839439060052781461e-01
-9.853201088979869837e+01 1.591417022392205005e-01 5.002889852071977783e-01
-1.021088827657628286e+02 1.628493825963761577e-01 4.893708034956530395e-01
-1.001021758786231572e+02 1.281424078162830826e-01 4.955421321348997821e-01
-9.761066230494742513e+01 4.097186942055751346e-02 4.965915576690692612e-01
-9.840610333182162606e+01 9.329081657747867462e-02 5.145252082752309608e-01
-9.938234123463452363e+01 1.026986600017675277e-01 4.938185744678073585e-01
-1.034771967917603064e+02 1.183710317331641837e-01 4.768511982649306646e-01
-1.089704295489789274e+02 1.359750316014824156e-01 4.400313157036270795e-01
-9.534605012158171178e+01 1.622017947208674038e-01 3.772955141587081562e-01
-1.006165713292775195e+02 1.083150437131588928e-01 4.029812673711753446e-01
-8.681301563895041795e+01 1.596095074937065317e-01 5.371231772952488326e-01
-8.688279046911735293e+01 1.637279900914194453e-01 5.382732671763765797e-01
-1.079808035054544604e+02 1.724687843760987493e-01 4.425195913912410850e-01
-1.049782985623034079e+02 1.849381864886994187e-01 4.325228350978224667e-01
-9.873421832788153552e+01 1.835780155326025287e-01 3.805207248920841612e-01
-9.636833752779648421e+01 1.839909615519020880e-01 3.442838492563312092e-01
-1.060045245585332196e+02 1.733778597268258725e-01 4.234225270851231793e-01
-1.078658831445746387e+02 1.731431011255997465e-01 4.504484430011345131e-01
-1.013549272162795916e+02 2.021753259862558161e-01 4.163614651857510118e-01
-1.034065405351291673e+02 1.829133037139678286e-01 4.129791822393719669e-01
-1.019740862449702377e+02 1.053764843245760252e-01 4.265190499216753861e-01
-1.004324374987184143e+02 1.770116013264738664e-01 3.948465132624355278e-01
-9.782843985677655496e+01 2.102642483135107043e-01 4.803235427924931744e-01
-9.313889808845914331e+01 2.830676211127925446e-01 5.581881787345285284e-01
-9.753146281759362068e+01 2.750447272856337277e-01 5.110356577501488085e-01
-8.174702139681329527e+01 3.597696430242183774e-01 5.343179428996721603e-01
-9.419420904367869696e+01 4.143024064498639358e-01 4.327228758856098700e-01
-9.274434110552867594e+01 4.106708558166619061e-01 4.570890477779741556e-01
-1.034912436781949765e+02 3.702334083516565788e-01 4.618576183866390239e-01
-1.009077742413089140e+02 3.437598373284991848e-01 3.982542868035923167e-01
-1.017815896639460220e+02 3.943269685166954086e-01 3.608671788170823014e-01
-9.824169442195626800e+01 3.739449262126369189e-01 3.801866903735344194e-01
-1.102545778230024780e+02 4.199880755535417287e-01 3.377531165464638385e-01
-1.084455960617570867e+02 4.351197760828328098e-01 2.855146629288505267e-01
-1.352867496720673444e+02 5.423520589254806623e-01 2.209949731665670491e-01
-1.208654492200113140e+02 5.210738415392760503e-01 2.739169760018413946e-01
-1.085398469336705887e+02 4.323673061820400010e-01 2.858164604042782164e-01
-1.085314246832661382e+02 4.459806181708335648e-01 2.865851545836408110e-01
-1.131122042615457701e+02 4.622576722830185059e-01 3.266997256604626254e-01
-1.137070185386725143e+02 4.526460064225611424e-01 3.417062803602715082e-01
-1.048307278803168003e+02 4.106321149067436727e-01 3.702800958728262315e-01
-1.064519189693053534e+02 4.028292305216732427e-01 3.317515222824296561e-01
-1.173967597280840778e+02 5.151695299537693007e-01 2.815061148895673937e-01
-1.121778875733937610e+02 4.837822827884173393e-01 2.762043343928686223e-01
-1.135250895182318800e+02 4.588842012671519588e-01 3.322454054045587690e-01
-1.097347572519762053e+02 4.224158328269757567e-01 3.017725402374964450e-01
-1.083491327449026755e+02 4.274199687968779915e-01 3.675828104788921857e-01
-1.127691656606761796e+02 4.365024012752211635e-01 3.264936491054205581e-01
-1.116389890992813037e+02 3.983493809115734030e-01 2.796223000278378334e-01
-1.136303045743170372e+02 4.474468020919120659e-01 3.296553794027747286e-01
-1.022837590495396825e+02 3.938556489851257614e-01 3.515507951981421408e-01
-1.072836494824628488e+02 2.721480101720653022e-01 3.176321878341646365e-01
-1.106681482956470575e+02 2.597541417629069538e-01 3.367993565216269580e-01
-1.056206273346549409e+02 2.921329024339062164e-01 3.322527979815398380e-01
-1.107171892075648287e+02 2.652098665622736884e-01 3.484252535916871896e-01
-1.013880160872392793e+02 1.934207906852222214e-01 3.963849747012220814e-01
-1.109702419122878041e+02 2.592369112177057011e-01 3.403345789107086183e-01
-1.043503012565289652e+02 2.774018332476987370e-01 2.989583571369847093e-01
-1.181699721193242851e+02 2.698341225386924336e-01 1.753008375005142838e-01
-1.216843106777801609e+02 2.472011687472652208e-01 1.352631322862100638e-01
-1.206725997407673105e+02 2.797106993606818803e-01 9.684657101773974652e-02
-1.129421172456490297e+02 2.283138107826515883e-01 9.857908864235184754e-02
-1.157431158978093322e+02 2.736254112649353365e-01 6.317546733712547935e-02
-1.373480925945379170e+02 3.573070901466177118e-01 7.251351697916175003e-03
-1.376386125518830852e+02 3.563033366169286453e-01 8.643363822960001622e-03
-1.193862905307956908e+02 3.290380769336995748e-01 -3.776299254744700656e-02
-1.205606182715061721e+02 2.947167511557284847e-01 -4.450068440244810825e-02
-1.114468974028466448e+02 2.998065198024908451e-01 -8.855331608083324979e-02
-1.183290380897705774e+02 2.533432612750625701e-01 -5.878182939260532397e-02
-1.331458004895273746e+02 3.881247934742662609e-01 -3.687336687746550767e-02
-1.542972062981120018e+02 4.700490973968480257e-01 -4.099108176477297798e-03
-1.551699400513298031e+02 4.810174368050382787e-01 2.217993792954136515e-03
-1.506991919842726873e+02 4.340144843609361480e-01 -2.053088343586081596e-02
-1.558861515967002163e+02 4.684342675763338848e-01 -4.119628488595856314e-02
-1.950526457260324946e+02 7.884212221511952556e-01 1.507803158145803492e-02
-1.890431793681717636e+02 8.234911218815765821e-01 3.941572912031052200e-02
-2.006419818629757970e+02 8.735940493948911589e-01 -3.966679944773445626e-02
-2.009195084943719962e+02 8.773578484631484598e-01 -2.251560553821712468e-02
-1.890923239133081211e+02 8.523043593654896499e-01 3.364141365267650507e-02
-2.007591675483770643e+02 8.655449174425149383e-01 -1.373741975291568537e-02
-2.069052158375154704e+02 9.353418446654776508e-01 3.275746964311657822e-02
-1.938789834892075419e+02 9.534790923691768283e-01 8.762172142130721098e-02
-2.067368389716606316e+02 9.483194754510382296e-01 5.283343652906524746e-02
-1.945235788716649665e+02 9.249152430576440542e-01 -2.339706788509543500e-02
-1.968125191375548866e+02 8.555705339308736779e-01 -6.189084726809536419e-02
-1.817379894435932215e+02 7.700557834387141698e-01 -3.484226150792252286e-02
-1.940236745620093473e+02 8.040189613165685811e-01 -1.457108210107543531e-02
-1.941493781682086137e+02 8.221457460264643968e-01 1.045038259048184856e-02
-1.962168976688838313e+02 7.644038710653979773e-01 1.941316738958209429e-02
-1.978834152019569785e+02 7.609092324333636137e-01 4.741330947423718495e-02
-1.934396953805973283e+02 8.016600589865645610e-01 3.316245509380427725e-02
-1.994971985393876537e+02 8.310242413111667004e-01 -2.523106024613663498e-02
-1.916525570129335847e+02 7.867553424935872508e-01 -9.008258360408491136e-03
-1.932199464701941167e+02 7.428860700129155115e-01 1.303830631793765488e-02
-1.892067385051661006e+02 7.788133709756961398e-01 7.892967340833410839e-02
-1.901531899631730198e+02 7.374793970155698597e-01 7.253930015350569527e-02
-1.907795539455649987e+02 7.340832889337681744e-01 7.925399078621574167e-03
-1.971982876942725227e+02 7.493517815518163649e-01 4.977819238981783662e-02
-1.964561383723703329e+02 8.389889447696555758e-01 1.666124159289154080e-03
-2.002861551832216378e+02 9.032491442024317418e-01 2.601442303184764090e-02
-2.063746794797564235e+02 9.343230041114376494e-01 4.630939517176605597e-02
-1.994811568120380230e+02 9.293286099461083305e-01 7.190988826752856000e-02
-1.958611003707536611e+02 9.087647834190060170e-01 7.005539804769456147e-02
-1.713325168481223102e+02 8.755621452254340742e-01 1.592752671698518530e-01
-1.745977384385501239e+02 9.028548381324915661e-01 1.338818768251494873e-01
-1.864496260286739187e+02 8.198097327332380946e-01 6.450984397868880782e-02
-1.872439731221044497e+02 8.897060685485417286e-01 9.329392996118561487e-02
-1.983191342763074374e+02 9.754077713255261406e-01 7.447394136225991834e-02
-1.898548011268428581e+02 9.251573745290329054e-01 9.354404202100005672e-02
-1.803251748256069789e+02 9.149544751799532083e-01 1.144986245933114627e-01
-1.849468581760752670e+02 8.201738520441440583e-01 8.083846187872650857e-02
-1.803077436029761316e+02 8.930131081105460167e-01 1.226409264447818753e-01
-1.930219004578465842e+02 9.426346813753536669e-01 8.894932023747834093e-02
-1.809337506801165603e+02 9.731844568131243767e-01 -9.629454709371577936e-02
-1.946080402065415740e+02 9.935440206839202260e-01 -4.493182704105105896e-02
-1.752301110761831069e+02 9.646816804641569210e-01 -1.270898395929682123e-01
-1.780243708591797827e+02 9.346476623139740036e-01 -1.113907531356499725e-01
-1.804019790872154942e+02 9.251330013825167509e-01 -9.397082778842295869e-02
-1.971532166487254756e+02 9.987018468962547413e-01 -3.903518550363269807e-02
-1.496930155193044811e+02 9.958822872818112737e-01 1.948893808749803946e-01
-1.736026782636170651e+02 9.717794721509157574e-01 1.255969655780632965e-01
-1.798032650486391049e+02 9.252966766158884360e-01 1.137740509661984284e-01
-2.068733642997761706e+02 9.347442412003786893e-01 3.985540101845402861e-02
-1.991288196300878610e+02 9.344807016767403551e-01 7.461873818975753303e-02
-1.994181304357324791e+02 8.759368151800739355e-01 -4.157639216955892787e-03
-1.996517436632028364e+02 8.404468270437615018e-01 -1.384002628506357697e-02
-1.868775434371396500e+02 7.951119202717455980e-01 -4.580870868398251999e-02
-1.901048973783261999e+02 8.169728722310541924e-01 3.890508390120247378e-02
-1.877726396016771844e+02 8.145771850120065993e-01 6.031580014914125765e-02
-1.946194488458003207e+02 7.925975665362029465e-01 1.096047284891587745e-02
-1.960664878840441645e+02 7.703343148650406702e-01 5.680283716957468254e-02
-1.948129423340345454e+02 7.948385485429017017e-01 2.718666581342928101e-02
-1.942069206830825294e+02 7.384715020144406727e-01 2.002895129734950583e-02
-1.949680152698967106e+02 7.493529370038323201e-01 1.737771943580026027e-02
-1.946850737016561936e+02 7.963097956041224057e-01 1.626925542297715660e-02
-1.969841507156572504e+02 8.488182922239325690e-01 1.730619545011301144e-03
-1.997163129753325563e+02 8.902410511932630222e-01 -1.291557288429583811e-02
-1.981285765469059186e+02 9.064686733922125983e-01 -1.590859524426050525e-02
-1.981715121058664977e+02 9.749186370252505007e-01 -1.310987188272533417e-02
-2.062316715377534422e+02 9.681874812745159264e-01 2.362213625267743297e-02
-2.054832772939497829e+02 9.269715066467061337e-01 2.986442588759376932e-02
-1.965475606768235082e+02 9.695501750707321564e-01 8.061976558385551550e-02
-2.073075354333629434e+02 9.413895445738376111e-01 4.561069626047855458e-02
-2.032110343581593668e+02 9.806107683651229534e-01 1.001688261142149629e-02
-1.998004757375330769e+02 9.091664324617155790e-01 5.099471227666989986e-02
-1.964206143281208483e+02 8.870739279770522012e-01 2.610327583205399732e-02
-2.003204981334017134e+02 8.576381959040191294e-01 -4.953776580603701934e-02
-1.989335794394546895e+02 8.799316670268226837e-01 -4.467587422280264176e-02
-1.958176317141422089e+02 9.073444171794876612e-01 -2.922719522322094268e-02
-1.971470599785897093e+02 8.823428278992907492e-01 1.459502007315307930e-02
-1.978970037520808489e+02 9.260036362261493403e-01 7.486704328257066943e-02
-2.061420052482212668e+02 9.525257216886855449e-01 1.874732977690756613e-02
-1.987714025177377266e+02 9.634626795675427235e-01 7.663712182006277018e-02
-1.908054780177654095e+02 9.979598137932521595e-01 8.708418908604927122e-02
-1.991312432383606108e+02 9.868198231986201607e-01 -1.425265542750055875e-02
-1.817999154383032874e+02 9.604535962361875345e-01 -8.284029299319363437e-02
-1.896433075821580303e+02 9.882020384261797075e-01 -6.125599320657489771e-02
-1.909637976522322447e+02 9.962246353915186203e-01 -6.436444102405126932e-02
-1.846544956691767823e+02 9.272567880491129344e-01 -6.508792848784490659e-02
-1.993081508797052095e+02 8.694657399470250292e-01 -5.071657077670937291e-02
-1.876224014743325483e+02 8.774262732302057222e-01 -8.071008701108275951e-02
-1.989749015366097353e+02 8.819754171564030409e-01 -4.209268821932422855e-02
-1.987962114720099294e+02 8.454047234619576079e-01 -5.375954429941848245e-02
-1.910883223301098610e+02 8.419080275224430920e-01 2.356005809371320911e-02
-1.951356676831387063e+02 8.223379061641724608e-01 4.372854911220593575e-03
-1.932924900292609607e+02 8.739646467204628122e-01 2.800937081552041380e-02
-1.991883290139896587e+02 8.884753391491659880e-01 2.391486613361765417e-03
-1.936962327112473474e+02 8.089669597102254750e-01 1.822303788287932269e-02
-1.979029499032268973e+02 7.627322341273619077e-01 3.182235441200471915e-02
-1.856766049949085300e+02 7.824789315284931268e-01 8.833697739704465812e-02
-1.950353705286563297e+02 7.931894639906603706e-01 2.252576579495242648e-02
-1.969661963991003120e+02 7.462590967537990894e-01 3.125333757952444835e-02
-1.980681703344484959e+02 7.665190721129595541e-01 3.828348021818616526e-02
-1.973315414950935178e+02 7.664249267468846716e-01 5.065375404438578893e-02
-1.933190328377801563e+02 7.419869250309746311e-01 6.476422164680932514e-02
-1.963207202419984867e+02 7.547416614071689178e-01 5.750196757542766490e-02
-1.947642000999190657e+02 7.382587261396902356e-01 5.573713859726153741e-02
-1.795856117706637178e+02 7.517464289276347689e-01 -3.151819199621793549e-02
-1.946107584517566522e+02 7.468172767335373718e-01 1.692139134169503081e-02
-1.925849531161888137e+02 7.864171594414489652e-01 -3.538594379494779292e-03
-1.941327240512081573e+02 7.474819272925896652e-01 6.432109300200024304e-02
-1.954257180570017454e+02 7.345290493425046252e-01 3.912111203787825564e-02
-1.975067252246213343e+02 7.580545218970360377e-01 5.090626449381722290e-02
-1.978585636126851739e+02 7.694031842812891764e-01 3.557378985609651462e-02
-1.798562617498443785e+02 7.520178150227280200e-01 -3.073420323122139086e-02
-1.866093479361547054e+02 7.742116198567046137e-01 -2.059888964858982291e-02
-2.019978569259222354e+02 8.515052354512722133e-01 -3.513842327299216556e-02
-1.941402702456825011e+02 8.504881373090475982e-01 1.298926525955675440e-02
-1.993382049781316141e+02 8.496702674943260591e-01 -5.297361383199003515e-02
-1.909592423817149438e+02 8.095115101733719731e-01 -5.060804842091926742e-02
-1.950595091348991161e+02 7.520168068263910488e-01 1.677475111457880225e-02
-1.936280821096635520e+02 8.027205396774097501e-01 -1.640842218112213355e-02
-2.005945031491216355e+02 8.567118848480604898e-01 -4.822422214650813610e-02
-1.977073714127907920e+02 8.923122518949863080e-01 -3.648416820132557858e-02
-1.876906075175457431e+02 9.360944355223436153e-01 -4.448766771015679605e-02
-1.863479718768590772e+02 9.507119190108307416e-01 -4.800223757816485942e-02
-1.859117816182733236e+02 8.799257709785125448e-01 -8.397488701425495639e-02
-1.995344432150766067e+02 8.413545764308877351e-01 -4.845767631137323089e-02
-1.980297586057610886e+02 7.669452480670508887e-01 4.060890316705646069e-02
-1.981396281401499095e+02 7.610935646931443754e-01 3.548240273250261728e-02
-1.971485605263543164e+02 7.769342250529570615e-01 3.948833659959816861e-02
-1.896432709788846296e+02 7.882859723778598005e-01 -2.108799132140828231e-02
-1.898370183720744535e+02 9.089572777905715606e-01 -5.656359867724621016e-02
-2.029025085299059299e+02 9.567844742726120399e-01 5.522822038814052814e-03
-2.070267174158970818e+02 9.376296047582983739e-01 4.415352452494966662e-02
-2.013593848511775093e+02 9.834281133420150756e-01 -8.487704387369119198e-04
-2.007165112658098849e+02 9.964320586173726069e-01 4.002496915251375215e-02
-2.032736827627954028e+02 9.606361991621930052e-01 6.888795535433220839e-03
-2.079302731118595204e+02 9.532963658130605422e-01 3.210077654772438421e-02
-1.972125723818606957e+02 9.363660940881211037e-01 -1.194956709902359610e-02
-2.039581352446988376e+02 9.694090196586402364e-01 5.927635343029954290e-02
-2.032788099912742723e+02 9.650778671740384285e-01 6.384713484377718684e-02
-2.014990201011875968e+02 9.132204454755440404e-01 4.723851372812736676e-02
-2.042917225442665483e+02 9.787598909527684965e-01 4.806212331463131232e-02
-2.058514375850751321e+02 9.694155104117295751e-01 4.959167724985207026e-02
-2.070271960139348835e+02 9.375420485155331329e-01 4.400599694747650559e-02
-2.016255411199480250e+02 9.807901873901244683e-01 6.007827707071962398e-02
-2.042160037146702507e+02 9.715771779316314527e-01 5.666220713381327212e-02
-2.024741008272291083e+02 9.141100724355353258e-01 1.925549011938138336e-02
-1.945277175050686935e+02 8.909464105864712824e-01 4.821763969925653426e-02
-1.978400605577425608e+02 7.660751192969841306e-01 3.190546417099425491e-02
-1.894009089669341961e+02 7.432024058973933922e-01 -1.047437419854572570e-04
-1.818280003783998779e+02 7.235786212204453616e-01 -2.192598268640300746e-02
-1.914223450074063351e+02 7.845066596355834143e-01 -8.465686469430019206e-03
-1.911058485045157340e+02 8.045553226493800114e-01 -4.104079857688886640e-02
-1.912408441421816576e+02 8.051218349607686120e-01 -4.138047649605378075e-02
-1.722350902139416462e+02 7.977479780683879307e-01 -1.021128293383843783e-01
-1.999138614387676967e+02 8.457752696136494608e-01 -1.271624879209022965e-02
-1.929117028042283266e+02 8.237904092012787727e-01 1.723103194386262429e-02
-1.978917253564785312e+02 7.664977010331954776e-01 3.291999431963368861e-02
-1.969906547136802430e+02 7.716323570391862008e-01 5.003365403009475687e-02
-1.941168966246193293e+02 8.270986071279035068e-01 1.060081382822734494e-02
-1.991569399318914293e+02 8.903471725822318383e-01 4.799518908890648521e-03
-2.060110705834173359e+02 9.304222575885995328e-01 2.923923915107535729e-02
-2.042840023336914896e+02 9.217916042209566285e-01 2.541563278866789885e-02
-2.003185914774560672e+02 9.147902362347185568e-01 9.484331468347919833e-05
-1.942456905231840096e+02 9.915863471293703268e-01 7.862885741233932579e-02
-2.061799880988074563e+02 9.706881433365240897e-01 4.520149956338349873e-02
-1.978708595431102424e+02 9.158039274233841232e-01 -1.297103520649349820e-02
-1.812658175547656185e+02 8.988742416789182732e-01 -9.267072943767358517e-02
-1.773354272056565435e+02 8.948935960412681689e-01 -1.025013141086825175e-01
-1.897430087521045152e+02 9.256341145521754799e-01 -4.156540491109435298e-02
-1.902905418136297726e+02 9.247840910308859907e-01 -3.986526253519519225e-02
-1.972606019767248426e+02 8.425366063528890725e-01 -9.087110170267679969e-04
-1.998774043242358118e+02 9.076487760332576649e-01 -1.826182275186158128e-03
-2.031155143276286879e+02 9.683270851773065901e-01 6.302803533327916430e-02
-2.076620388289373693e+02 9.618826191060061426e-01 3.923815876350844611e-02
-2.078346981096150046e+02 9.583898695304475801e-01 4.167881142769328667e-02
-2.005787076986648856e+02 9.075138190109597325e-01 4.013619280014803919e-02
-2.080616852368215177e+02 9.523491166091649918e-01 3.447785530481902588e-02
-1.403419429977608388e+02 9.877747139554122757e-01 -1.883397540506137335e-01
-1.890507838325424075e+02 9.864012180507435446e-01 -6.192930116846539351e-02
-2.057376383866259744e+02 9.286451433460157778e-01 2.935032777451017719e-02
-2.018171666689589188e+02 9.467752245932575805e-01 2.326745482542146720e-03
-2.006027229040728344e+02 9.326407719643726724e-01 -6.964232199267272709e-04
-1.993683776836686832e+02 8.793135024275064993e-01 -3.238856764253093996e-03
-1.972008719535050432e+02 8.309021368816517095e-01 -4.690833489813317665e-03
-2.007379358642610896e+02 8.466768634864820786e-01 -1.759234168294923975e-02
-2.015750026563076176e+02 8.705598787336299438e-01 -2.594022596501052713e-02
-2.034090089610340328e+02 9.179177646700862336e-01 2.302307163474761470e-02
-2.048369715715170400e+02 9.756138002009878685e-01 1.854103450212610943e-02
-2.016245138972016377e+02 9.918297000215364756e-01 9.938741046258226051e-04
-1.884988697527917338e+02 9.745938410004937325e-01 9.708396011102081447e-02
-2.052712710372900347e+02 9.699423957993230649e-01 1.787338646420082514e-02
-2.075789284739521179e+02 9.428582047322775495e-01 4.383447452021993485e-02
-1.867221229180227340e+02 9.790032438642455315e-01 1.006559994526984719e-01
-2.067623920972655753e+02 9.698911341073255254e-01 3.672668338467438565e-02
-2.020276887649930586e+02 9.941382486583553169e-01 7.435163449210388346e-03
-1.927543099949516545e+02 9.918650739558690921e-01 8.330695255818525158e-02
-2.050030065948548383e+02 9.557885817897792124e-01 6.029902768535209956e-02
-2.068633693092954786e+02 9.644461826360207768e-01 4.701402280225563252e-02
-2.019646879292297115e+02 9.255119440577262990e-01 5.995708434303137491e-03
-2.040471650658048191e+02 9.450060148285709394e-01 1.034754446737925181e-02
-2.036228727627016326e+02 9.865271724020974187e-01 3.475019429613178390e-02
-2.061869943578251423e+02 9.729046650561200549e-01 2.982017432571286084e-02
-2.040819741239093048e+02 9.764180009901896051e-01 5.268931943724634165e-02
-1.862920209044503395e+02 8.776166498276400940e-01 9.285030524019563525e-02
-1.838560145048354286e+02 8.122805419309633290e-01 9.353175734240812278e-02
-1.866810845373595384e+02 8.171341712787235645e-01 6.615549328140477026e-02
-1.939929215787458929e+02 7.890312817579866467e-01 4.710033170443604297e-03
-1.968436761491884113e+02 7.723871485513982282e-01 2.426028558881856978e-02
-1.922697133986314384e+02 8.479552207580138834e-01 1.956517910179571967e-02
-1.940787088104297311e+02 8.005283643771251567e-01 -3.936485775811176570e-03
-1.990497577491454706e+02 9.040680835621378586e-01 -1.001670981767753370e-02
-2.067108285578805464e+02 9.377660516596523221e-01 2.674628760080218631e-02
-2.040845876687991165e+02 9.521727333276378547e-01 9.916064058819338764e-03
-2.080835616269266666e+02 9.517649253126111430e-01 3.504885454546628060e-02
-2.028514379530327574e+02 9.508009269541618513e-01 5.543566453058458576e-03
-2.009962525267901015e+02 9.068168058063910131e-01 3.058773185826476476e-02
-1.999891600685192259e+02 9.816275542321492020e-01 -7.620578432582195139e-03
-1.904622225718998436e+02 9.745610541773289670e-01 -4.259869226559791222e-02
-2.033087698451115841e+02 9.882116543441016310e-01 3.305356976342866543e-02
-1.927405019732851486e+02 9.851690149126496321e-01 -4.325158559986154450e-02
-1.917873979329082488e+02 9.341150687197455893e-01 -2.988869742122691325e-02
-1.995269902042874435e+02 9.077986768842297716e-01 -4.869832210797846346e-03
-1.992175650609786430e+02 8.323840573267161647e-01 -1.786836044729028100e-02
-1.853334227880206129e+02 8.232316374292216743e-01 -7.928657717872872324e-02
-1.936054351409059109e+02 8.405452380275945101e-01 -6.737145162072587234e-02
-1.941541168148193606e+02 8.143783107134865418e-01 1.106098090503868439e-02
-1.969050687244601363e+02 8.199004926199755516e-01 -1.339737566322962009e-02
-1.949535407975204180e+02 7.759682645344322394e-01 1.239622218851404827e-02
-1.933136063952478310e+02 8.041011121852700283e-01 2.970608733410848648e-02
-1.953676331135161206e+02 8.118427954382364531e-01 -5.953529153495822762e-03
-1.889308090844951096e+02 8.532290209310612328e-01 3.470469412505758355e-02
-1.995510762781563301e+02 8.372270531652559189e-01 -1.545282833958625153e-02
-1.745295000877313782e+02 8.242838770545968252e-01 -1.004166041978445806e-01
-1.933457994196241998e+02 8.244525006366836273e-01 -5.920186655958740302e-02
-1.987017804057792034e+02 8.299757152174518371e-01 -1.619346039201289417e-02
-1.999088305409155168e+02 8.815178698873368246e-01 -8.509573863204805688e-03
-1.906276994971741772e+02 8.782951752929761824e-01 -7.371386479455646623e-02
-2.054987122462960656e+02 9.271786188540301898e-01 4.129566407394773264e-02
-1.952336002478120633e+02 9.133450484815395232e-01 7.597856914199688227e-02
-2.068595639277466773e+02 9.344609423297638440e-01 3.882579109426771008e-02
-2.074967235296470278e+02 9.619345689082782203e-01 3.130209042592539681e-02
-1.855316041892798182e+02 9.951063981416478077e-01 1.039723714048269299e-01
-1.813668566123604080e+02 9.732858079427343378e-01 1.109512392878424375e-01
-1.985743513050802278e+02 9.972955693926073284e-01 5.380946617011226479e-02
-2.067574191235751471e+02 9.589148175613390057e-01 2.288746816941418169e-02
-2.057148139863314782e+02 9.558139642811059877e-01 1.674212382911788657e-02
-2.044983486161953010e+02 9.725196750309066385e-01 1.440497764559858958e-02
-2.062249687931983999e+02 9.655405994351266008e-01 2.187107359228701586e-02
-2.078337468340089345e+02 9.434339656723784717e-01 3.872989182170696182e-02
-1.937632656747981912e+02 9.436171984438413984e-01 -2.205807244493811214e-02
-1.932532880281341363e+02 8.963723865039779914e-01 6.705194988352887464e-02
-2.006567816310050318e+02 8.420314010364366997e-01 -2.022258988660841084e-02
-1.990004469186358165e+02 8.289746102479537138e-01 -2.214123476680932706e-02
-1.926018499063257252e+02 8.062461553051107899e-01 -3.509578478313096078e-02
-1.975092853618458264e+02 7.739090148379812462e-01 3.822847878270634742e-02
-1.977783928958043305e+02 7.695858339345634791e-01 3.366696246010073695e-02
-1.822763243987229487e+02 7.811721672401360506e-01 9.704021760002440322e-02
-1.675285323086735616e+02 7.580052062198544549e-01 1.228003032320546389e-01
-1.821597474240293195e+02 8.232521000509082088e-01 1.127203540731743919e-01
-1.958296634978733834e+02 8.810106682987642879e-01 2.152515794204558700e-02
-1.878228405383460711e+02 8.464102332008537344e-01 3.842770934465790378e-02
-1.965153057886532508e+02 7.525754618537395801e-01 5.594573307625889252e-02
-1.846906083768714950e+02 8.297903965866401110e-01 7.319055058872969699e-02
-1.918727135895352376e+02 8.481485301731596094e-01 2.112897888989703765e-02
-2.004899999641721990e+02 8.626166997032727046e-01 -4.782858074452058655e-02
-1.851527472218272408e+02 7.957311337098877946e-01 -5.484196926049868942e-02
-1.904981305764628985e+02 8.206992084631280493e-01 -6.494037313769601694e-02
-2.019229029725138957e+02 8.642250033159489808e-01 -2.576038084250143259e-02
-1.960631209702639239e+02 8.229776842136780068e-01 -1.647726607044499485e-03
-1.958765262998537366e+02 7.671075169524885773e-01 1.746693084138713215e-02
-1.966791170475141826e+02 7.487267270807221875e-01 2.675126333283320626e-02
-1.971059009317764605e+02 7.727817817329655226e-01 4.790958807945523007e-02
-1.941075748993244190e+02 8.667286470160111556e-01 1.879416319397379798e-02
-1.877702279222759500e+02 7.832805672195443103e-01 -2.408436155201777729e-02
-1.960401501742015853e+02 8.171609371527001064e-01 -6.619406851871503447e-03
-1.952739340352929105e+02 8.158011044999680106e-01 -3.749252849679767657e-02
-1.968644363439746314e+02 8.182827991514587396e-01 -2.258728921338009135e-02
-1.971404539073234332e+02 8.209129268602104457e-01 -3.298255794920059575e-02
-2.008137967294294697e+02 8.514585032745642934e-01 -4.646686713144310144e-02
-1.925311227694941181e+02 8.477396597947972623e-01 -7.148637183581479926e-02
-1.831314733470571525e+02 8.314099218795601987e-01 -8.627143279640683837e-02
-1.770306337623991055e+02 7.716888012008101816e-01 -5.727961491771107333e-02
-1.917259478560157788e+02 7.443084285560545021e-01 7.047901067506669170e-03
-1.981296112886815308e+02 7.635748600341590864e-01 3.603917284005708072e-02
-1.944110379288709112e+02 8.028671345465655529e-01 -8.705931012883603125e-04
-2.014143358090829565e+02 8.655758790538282677e-01 -4.028154257964602913e-02
-1.999518156974374108e+02 8.680168288199052729e-01 -4.840276011264108003e-02
-1.995518848261943390e+02 8.410616032932757280e-01 -1.285680846659896515e-02
-2.010598348908426090e+02 8.404021691997496379e-01 -3.297629535278235463e-02
-1.924116487582208208e+02 8.216799485722390273e-01 2.068156870960082341e-02
-1.846602631154870835e+02 7.632954149133313049e-01 9.036167773483053112e-02
-1.947717790026014484e+02 7.950054077010215714e-01 2.797801765168408603e-02
-1.885044492338880957e+02 7.784030268019307419e-01 8.100747536817448635e-02
-1.979110001143890543e+02 7.513875304285607681e-01 3.988140971019521475e-02
-1.903390753129242512e+02 7.392932904209872369e-01 4.164811807414960446e-03
-1.808157819701067979e+02 7.847229195916527456e-01 -5.750818631657986235e-02
-1.897962398272966595e+02 8.162563269600482396e-01 -6.326639695196610569e-02
-1.975037637531129349e+02 8.710185443507266756e-01 -5.703793297016421238e-02
-1.936574753413560757e+02 8.469018635076576151e-01 -6.883138708422421870e-02
-2.013650818603867378e+02 8.467155078946124735e-01 -4.001274486557706428e-02
-1.998339155531747906e+02 8.780703437585435367e-01 -4.084936726774811289e-02
-1.976020426300080146e+02 9.067108308283048368e-01 5.962157246195139149e-02
-2.013000696564387511e+02 9.877060179257024508e-01 5.334113809433913694e-02
-2.001746356667015903e+02 9.980104294043420365e-01 4.101306993163390119e-02
-2.009595900542784932e+02 9.988623661378294161e-01 -9.636641210535078564e-03
-2.074415916794546888e+02 9.492083059875466855e-01 2.707888272648288630e-02
-2.015913411378578814e+02 9.767566850408578860e-01 6.351231844778661151e-02
-2.017717640137844057e+02 9.923242438250705622e-01 4.049263036440874097e-02
-2.037603029291344683e+02 9.393406418897787269e-01 6.281793229435786441e-02
-1.929956059515896811e+02 8.943608594103521492e-01 6.532438687417174705e-02
-2.031496751097105289e+02 9.163612879382667664e-01 3.834508958984435972e-02
-2.028770167132562392e+02 9.705200858219711346e-01 6.274825973651293465e-02
-1.993584346973133279e+02 9.718020494160798384e-01 7.300606575065207715e-02
-1.931801955023579467e+02 8.949629163377593732e-01 6.522512533304006266e-02
-2.046139212950104991e+02 9.251615606040463069e-01 4.670283121726583053e-02
-2.003025941678044148e+02 9.281177003706262418e-01 -1.488049835263251111e-03
-1.931567963615062524e+02 9.835520143497429313e-01 -3.955323951249983816e-02
-2.033703413767169366e+02 9.695718457221026432e-01 7.971744714689487504e-03
-2.079458721608255871e+02 9.540616624492865849e-01 4.296100493596752279e-02
-2.043161612720483902e+02 9.819571369837899466e-01 4.083927340125186739e-02
-2.033734250769943515e+02 9.884839453477893834e-01 2.506080132593384649e-02
-1.973048326395885113e+02 9.695103695556095413e-01 7.886316850141229795e-02
-2.056713798648611089e+02 9.272213261564711262e-01 3.593790526299026761e-02
-2.022102426227953345e+02 9.735471800111583640e-01 3.257439438751481755e-03
-2.008514062747177036e+02 9.978260608886688754e-01 -9.901295562136553513e-03
-1.978344177178313146e+02 9.628523198744404210e-01 -1.139243159832352414e-02
-2.065299395925678141e+02 9.659646598871347578e-01 2.443622108684979227e-02
-2.071181811218485223e+02 9.391357988236221921e-01 2.954286448215937347e-02
-1.918762443078165063e+02 9.982365285161560742e-01 8.308165343151704962e-02
-1.567065166504528975e+02 9.530253594632800418e-01 1.608004399142560215e-01
-1.518105819422415550e+02 9.949821925259855204e-01 1.895429488160145226e-01
-1.947622220758836704e+02 9.659745451765046065e-01 -2.193396640603593670e-02
-2.062788713139534309e+02 9.353446845838448986e-01 2.520111370961738637e-02
-1.981708396643432764e+02 9.117323359620412848e-01 6.362401298901472491e-02
-1.962725409310882299e+02 8.891626143837105811e-01 3.116291871133013494e-02
-1.955924813149875376e+02 9.791184038859032102e-01 -2.525823603588650892e-02
-2.001012776313723975e+02 9.790307815087317955e-01 -6.434698497556690273e-03
-2.073297670494611964e+02 9.394136867584589323e-01 3.210674485785553617e-02
-1.841651806928978203e+02 8.398622626835047233e-01 8.798283836670614533e-02
-1.841901019498883159e+02 8.428012091365097991e-01 7.503439617527882244e-02
-1.941215813274538391e+02 8.194945103935508124e-01 1.074841948455408647e-02
-1.927140341784494524e+02 7.808660065333336009e-01 -7.451899376380690179e-05
-1.863380384898221678e+02 7.761635117424506847e-01 -2.310295700933715293e-02
-1.969064513878750802e+02 7.742906071577028149e-01 2.576863266128633090e-02
-1.803580785198818717e+02 7.545783672779834417e-01 -3.006901815996071772e-02
-1.925950339289468047e+02 7.823001786359354837e-01 -1.281315619117502158e-03
-1.977078633955296141e+02 7.492163673455646267e-01 3.827814128651678416e-02
-1.966624845858533206e+02 7.631884555393819713e-01 2.198961985900134766e-02
-1.939318956713431987e+02 7.772233621360528089e-01 6.939921891142203370e-03
-1.897973399512164576e+02 7.767431024750729440e-01 -1.048528273738416790e-02
-1.955072591338087875e+02 7.894621257318833463e-01 3.211482368007875787e-02
-1.974414245496809599e+02 7.481543653831684848e-01 4.576574855170539163e-02
-1.775543548801173301e+02 7.436141820813313430e-01 1.017447656616581458e-01
-1.812067482368990738e+02 7.810235216986662898e-01 9.961886239988343439e-02
-1.934981555766193537e+02 7.650831220400028387e-01 6.836926277353595760e-02
-1.937048983743939914e+02 7.378361742794424805e-01 1.801279363788972979e-02
-1.981508306234238717e+02 7.556655225853619040e-01 4.009544736506726048e-02
-1.979950398165575791e+02 8.282914617824775894e-01 -1.194814294657428784e-02
-1.972876108713638530e+02 8.202221129100578656e-01 -2.216763270126517749e-02
-2.003289818866938958e+02 8.458392103927154793e-01 -4.699816556047131666e-02
-1.962149001047652348e+02 8.191909938074199982e-01 -5.944146107214496808e-03
-1.917720585989634117e+02 8.228953479991344411e-01 2.379675464516068858e-02
-1.967924523960489012e+02 7.789169985943544816e-01 4.190588314973900386e-02
-1.957903641364006262e+02 7.869944025505782870e-01 2.592209684618561674e-02
-1.988644633419586114e+02 8.349592305659135905e-01 -1.241304349645003247e-02
-1.871887756838913788e+02 9.122555647649928101e-01 -6.528729895334778321e-02
-1.984384389761250418e+02 8.865539392575474409e-01 -3.969801694779995227e-02
-1.983231736761044033e+02 8.815696733076808789e-01 -4.640353993140401007e-02
-2.014023412414073277e+02 8.721015636322236864e-01 -2.394714674642207594e-02
-1.903084199993248546e+02 8.945485665588329693e-01 -6.726379528790794871e-02
-1.954912074141843732e+02 9.055184152371127393e-01 -3.297964191606474194e-02
-2.080749975464699730e+02 9.525083134058627277e-01 4.078883567969461554e-02
-2.022484223075770160e+02 9.339647197025199299e-01 6.568184723075912168e-02
-1.881458781330382521e+02 9.129339681234416304e-01 -6.023393075422243947e-02
-1.911357596293691472e+02 8.960956513920218525e-01 -6.325703909497655542e-02
-1.885230959110855622e+02 8.438850335108932788e-01 -7.891744117802657055e-02
-1.975614508169951762e+02 8.691221180103270161e-01 -5.757063835550890740e-02
-1.939619653239535069e+02 8.775540121762696044e-01 -6.529110262989416824e-02
-1.948532705571116992e+02 8.923944388989702992e-01 -5.189960700793769255e-02
-2.002359050822525717e+02 8.667842989691945110e-01 -1.020314692630406965e-02
-1.938798698248584742e+02 8.277772764348229062e-01 1.178456969280169790e-02
-1.997488919178832134e+02 8.890723333453702804e-01 -9.359808626648183708e-03
-2.055280930295293444e+02 9.276998060209155073e-01 2.850017892642689454e-02
-1.819351255825157239e+02 9.178411342052875677e-01 1.104005116427021621e-01
-1.992349240548873865e+02 9.607602483780345315e-01 -6.722203813427047453e-03
-2.041128272710370481e+02 9.297555288811895080e-01 5.584713372478155441e-02
-1.991226908855285558e+02 8.962484871304238210e-01 1.855567835284146344e-02
-1.919369666457077983e+02 8.734344403144769231e-01 3.461565727715957413e-02
-2.019801264620366794e+02 9.123420231582667350e-01 3.982902879066368279e-02
-2.024709075625737853e+02 9.337472416403364006e-01 6.160694433438695938e-03
-2.072948249717052818e+02 9.436708520564714986e-01 4.751037391829395634e-02
-2.018934338753004454e+02 9.281568173562532165e-01 6.374510742690055187e-02
-2.014329342944665768e+02 9.085633518055913349e-01 3.092154757665757647e-02
-1.935478808465460361e+02 8.055908356715657526e-01 2.414060049322581253e-02
-1.956931822204495859e+02 7.470675511470585839e-01 5.773585043509827514e-02
-1.854189977414690418e+02 7.281352520820318919e-01 8.087950731311197017e-02
-1.704371496114048625e+02 7.878203079874988024e-01 1.289209941600002463e-01
-1.692626836876319203e+02 7.065055763268354161e-01 1.202398465975828556e-01
-1.718462774444944046e+02 7.150399465236695340e-01 1.116565584885816781e-01
-1.676388695473939947e+02 7.164613576103485704e-01 1.223774131460682452e-01
-1.958590407524148134e+02 7.387423355733844232e-01 4.843530390849416778e-02
-1.791439306692285811e+02 7.553785084715647358e-01 1.003467261121723242e-01
-1.824424172399213262e+02 8.066284740149605170e-01 1.005729038451965845e-01
-1.862306612291309307e+02 7.650278903399381214e-01 8.709766695414342119e-02
-1.958054124993760183e+02 7.559790122081755381e-01 6.005545194634628881e-02
-1.925052749746128598e+02 7.722401193790635610e-01 7.034527446498900494e-02
-2.004245648799587229e+02 8.795951659713128201e-01 -1.471084746791048725e-02
-2.019459181108570363e+02 8.578461744481581386e-01 -2.448028153758681491e-02
-2.005807862450402581e+02 8.784042027200469338e-01 -3.275055149608583488e-02
-2.021570955436100121e+02 8.568152927433935195e-01 -2.892576759126504193e-02
-1.969529478774326208e+02 8.858612229486308998e-01 2.020629234949061076e-02
-1.992160693971984529e+02 8.702510089797172999e-01 -3.749534103367738094e-03
-1.973975480705315420e+02 8.380194378099385943e-01 -2.844036926412898091e-03
-2.009759954934761197e+02 8.602124342160203385e-01 -1.537840939620433063e-02
-2.036691661228707346e+02 9.866951364192384499e-01 3.242776196059660165e-02
-1.938310344504869818e+02 9.457112194963706031e-01 8.757028412479843371e-02
-1.991668430624425241e+02 9.037233136872784289e-01 4.292431018826529249e-02
-2.045417210483319650e+02 9.798588909954828452e-01 2.052426546744805930e-02
-2.056351428293696131e+02 9.656020504622965239e-01 1.819634611829427928e-02
-2.029553332655714257e+02 9.331002085933788326e-01 6.289284703304200141e-02
-2.053388856285387192e+02 9.461644998104722371e-01 1.552078355062323604e-02
-2.056396046792100378e+02 9.363369933361141983e-01 2.006459741126175034e-02
-2.005541390269841600e+02 9.306787215270647673e-01 6.941493485700959976e-02
-2.009018915335134920e+02 8.777883555968333251e-01 -2.443771037239131014e-02
-2.012507710987697749e+02 9.416845144868474238e-01 8.316972748282697907e-04
-2.044943925213025580e+02 9.290909286573700854e-01 5.319631780238912727e-02
-2.069829692255343332e+02 9.472048332783445934e-01 2.408316848122390649e-02
-2.079541674174536752e+02 9.492123549369594349e-01 3.280109263763724553e-02
-2.073065674656529893e+02 9.656782264448016129e-01 3.716782540646718092e-02
-2.041512497007311993e+02 9.201548293183740013e-01 2.933449821197415749e-02
-1.933749468408128394e+02 8.654492930629934522e-01 2.122610042301440250e-02
-2.026507795501097746e+02 9.598865537867030673e-01 4.611276298862556321e-03
-2.019411576029323783e+02 9.939106690284102985e-01 5.695798697706530751e-03
-2.060738487151292020e+02 9.354352211917882354e-01 5.004755682782529441e-02
-2.070816029054706462e+02 9.648351957017480274e-01 2.891905544701984382e-02
-2.029110272994487332e+02 9.762650796405196729e-01 5.863391025085733926e-02
-1.805641075261845288e+02 9.543285404981882714e-01 1.110535486644390335e-01
-1.636251203886320127e+02 8.826166226399629888e-01 1.727853056683942568e-01
-1.844343487725946602e+02 8.840790661414887897e-01 1.087310227231266940e-01
-1.853315089185038005e+02 8.816786144819217519e-01 1.032168216005201894e-01
-1.853623841280383999e+02 8.642796124989964301e-01 8.867889857776981022e-02
-1.647645168134791049e+02 9.165654731294845536e-01 1.505142054649512284e-01
-1.817889342177494996e+02 8.063505602944703865e-01 1.035549281350391787e-01
-1.863146647900465211e+02 7.896091779523155552e-01 8.567857695491852554e-02
-1.938572540881770578e+02 7.831542003011788822e-01 5.978592320958334150e-02
-1.881878114074355040e+02 8.131126983409849851e-01 5.910662281672580259e-02
-1.972155870044042842e+02 8.897253273237358817e-01 2.457904571875548297e-02
-1.964019871172603473e+02 8.876657450322236187e-01 2.728819228774819958e-02
-1.942460953876306746e+02 8.834991325816727858e-01 3.508218149161526633e-02
-2.018475977894743778e+02 9.169106798108329626e-01 9.300102578337902937e-03
-2.055648720558150728e+02 9.299439626381912349e-01 2.489758790026090282e-02
-1.958909463135054523e+02 9.576738609125931001e-01 8.353285712218659620e-02
-2.067333654565521783e+02 9.348452792305127490e-01 3.077685429099976874e-02
-1.971249404396573652e+02 9.654020917396434198e-01 8.008721648982183861e-02
-2.049801648016928937e+02 9.743773754212269322e-01 1.865187540171291819e-02
-1.995557786401152498e+02 9.647886206565654543e-01 7.448540439237807953e-02
-2.053570197275494991e+02 9.695076367340896839e-01 1.819406454484403038e-02
-2.044541639914178859e+02 9.729868604751843453e-01 5.428576838080790418e-02
-2.076360792084282423e+02 9.509966331630322900e-01 2.858619925950790785e-02
-2.030161038505389683e+02 9.229936171773210907e-01 1.280863713106422490e-02
-1.852764444104438155e+02 9.516517947090992191e-01 1.029815295509877299e-01
-2.024663052141624462e+02 9.514411961404624085e-01 6.856498229865094773e-02
-2.052305281864099982e+02 9.288679862549303889e-01 2.323383126381648248e-02
-1.922130731300836146e+02 9.279382922041257142e-01 8.892727876204126192e-02
-1.981584128101867464e+02 9.079933669554117737e-01 5.866218554933944063e-02
-1.943904083962809182e+02 8.921501331464797291e-01 5.185479549068556376e-02
-1.996970627637293774e+02 8.493279361323378129e-01 -1.026056304246645776e-02
-1.827182188489414614e+02 9.109455385785083514e-01 -8.559587772197559119e-02
-1.972045704827765462e+02 8.237126922319515376e-01 -4.006932678134644821e-02
-1.862113721729713802e+02 8.910490501448121714e-01 -8.094976362943083481e-02
-1.910743015946555943e+02 8.972644070628306157e-01 -6.254145518667247883e-02
-1.829010957318760404e+02 8.322432992660961926e-01 -8.688192160606150738e-02
-1.967470039803858981e+02 8.381069924609784172e-01 -5.762100945128130480e-02
-1.996754774221840592e+02 8.584445204245366723e-01 -5.231906798396035452e-02
-1.783192777389167816e+02 8.151763951912884831e-01 -9.140542626277958771e-02
-1.957399349546244025e+02 8.292074066929500109e-01 -5.494748953985398310e-02
-1.982422451395860890e+02 8.526590857957933034e-01 -2.600437185571095964e-03
-1.943093870054180172e+02 8.953206028012680173e-01 -5.124244055814342752e-02
-2.026382701996378728e+02 9.161831560622804016e-01 1.697179112908260568e-02
-1.961353454282735527e+02 8.928445267757161297e-01 4.046851924709633092e-02
-1.992523592721533703e+02 9.071290257475277397e-01 5.053141478420720978e-02
-1.966841069850607084e+02 9.406946571253965717e-01 -1.336540585494604833e-02
-2.027237821519156853e+02 9.859403627449081498e-01 9.094529303125821820e-03
-2.054578252195602772e+02 9.693539370716577341e-01 1.875765437950129705e-02
-2.033553794305498741e+02 9.700609663117388815e-01 6.124755402613780292e-02
-1.912815062140024054e+02 9.784556261886693251e-01 9.081946101543757199e-02
-1.923135598774725850e+02 9.875720529823601712e-01 8.623805835274969689e-02
-2.033808866981443373e+02 9.706273583909756919e-01 8.176662263037174846e-03
-2.025076910512540564e+02 9.922166767798882292e-01 1.391971976659511431e-02
-2.052606036767628268e+02 9.516734963393383984e-01 1.466913565145703917e-02
-2.003465467158693230e+02 8.822892400596169526e-01 -2.628142390309559998e-02
-1.962307556160347985e+02 8.153953390340478169e-01 -2.108030797177896237e-02
-2.006902297893458638e+02 8.704193519357946718e-01 -4.243016891869474949e-02
-2.019570764503470741e+02 8.562674226237722008e-01 -2.489009865801287968e-02
-1.937627703504347778e+02 8.030480551736325356e-01 -1.553794699712677217e-02
-2.002618871111505996e+02 8.621454657196524485e-01 -1.067818960208604534e-02
-2.002342996823152532e+02 8.736793197892377405e-01 -1.040873816481930302e-02
-1.949344801756470815e+02 8.922877427355290214e-01 4.826321569815241602e-02
-1.847793701751368758e+02 8.298734729192468462e-01 7.134070874117698358e-02
-1.839751832970615055e+02 8.239293560391974802e-01 9.260126555057782149e-02
-1.795735380361729199e+02 8.278174570544578614e-01 1.327290777315393855e-01
-1.867341144854699451e+02 8.799998575604570661e-01 9.040752095192849946e-02
-2.063639445620545700e+02 9.392258922654648234e-01 2.305584455207636621e-02
-2.019716445236072957e+02 8.625306105550314406e-01 -2.566971478639753709e-02
-1.863057001757660771e+02 8.072485443330115196e-01 -6.565279566372239639e-02
-2.012791588248666130e+02 8.581203331539719592e-01 -4.411105237687870662e-02
-1.971008372735934131e+02 9.055976614111425071e-01 -2.342230107086267291e-02
-1.993616317592960741e+02 9.833460756862603125e-01 -1.126557001187016537e-02
-2.007110020926543257e+02 9.935175771272719558e-01 4.680035827627607170e-02
-2.038206268426672239e+02 9.253452326482742851e-01 1.621565516000954971e-02
-1.974306660977566423e+02 9.270031068111188599e-01 7.650534071097618571e-02
-1.994307339364029872e+02 9.544995701090114304e-01 7.607635068928025879e-02
-2.014358453715062467e+02 9.099565752653940853e-01 3.814932936822477277e-02
-2.001897550110207646e+02 9.091371069700200369e-01 4.813671381547437317e-02
-2.030123602267516674e+02 9.237979034092606012e-01 1.225797995851276093e-02
-1.995689113589616852e+02 9.130954683305235742e-01 -4.367122715618990472e-03
-2.034801182372092967e+02 9.849942293138490568e-01 1.581953134526116120e-02
-2.047780301873507938e+02 9.794108128276726166e-01 2.263983333232792022e-02
-2.026977083273977485e+02 9.188512462176607887e-01 4.981055163149868820e-02
-2.009966163274077644e+02 9.089516039557358207e-01 4.013136814446210954e-02
-2.076126254479441116e+02 9.605819906195883773e-01 3.161123340395101400e-02
-1.991363922612008537e+02 9.249244049736321527e-01 -5.995250298699025295e-03
-2.015005625901318353e+02 9.463776605030975730e-01 7.089252811290486234e-02
-2.069092618668252896e+02 9.398054426902903158e-01 4.787167451378172151e-02
-1.968987282611229830e+02 8.994216007076968333e-01 5.021419634820172007e-02
-1.948962497143341750e+02 8.911488697366408696e-01 4.597927227488650403e-02
-1.933884833044388074e+02 9.031904757984478005e-01 7.472206009351427258e-02
-2.004611476877061875e+02 9.469525515216470346e-01 7.355132386135981859e-02
-2.064330526507642958e+02 9.692268740576878150e-01 4.497469531038726653e-02
-1.953206470558246792e+02 9.364677866465781486e-01 8.373431300091525864e-02
-2.042107353227526119e+02 9.777113144397385769e-01 5.023503672030054518e-02
-1.992587556373333086e+02 9.857771084896680414e-01 -1.297154999521736747e-02
-2.020649174185448373e+02 9.888144966384460055e-01 4.625186808399654043e-02
-2.027186308807966100e+02 9.918018177184177997e-01 2.639880391163452328e-02
-1.924080096064704151e+02 9.639930101447310440e-01 -2.904937481170826591e-02
-2.028654525948010985e+02 9.880715883702705371e-01 4.058303397854968325e-02
-2.071221590865572466e+02 9.495974634866833908e-01 5.071297450015756908e-02
-2.053598094114037735e+02 9.783534104438863510e-01 3.222326394045107317e-02
-2.028186262530422255e+02 9.385750856850554324e-01 6.642363003172334010e-03
-2.003067546962873848e+02 9.032499838573638806e-01 2.547199375208522923e-02
-2.012936605229870395e+02 8.732535276537312097e-01 -3.145561180450318073e-02
-1.595418238705947829e+02 8.136552859432587548e-01 -1.288965368653624266e-01
-1.572770084051607000e+02 7.423620287913220706e-01 -1.486542323778201335e-01
-1.673985447429174371e+02 7.275273948535997404e-01 -9.809776327467718826e-02
-1.715246508979308260e+02 7.002134764010616852e-01 -7.794645439201236536e-02
-1.656480567360948442e+02 6.280230537430477877e-01 -8.242813757104763828e-02
-1.971203354704320816e+02 7.486564531589547933e-01 3.025603293502391114e-02
-1.966932455752230737e+02 7.427170590124109184e-01 4.655893146185778597e-02
-1.933258360124169997e+02 7.297944619337920491e-01 5.288232753324450391e-02
-1.907406420497126760e+02 7.347764279749405825e-01 6.928475800365554993e-02
-1.951440586158358315e+02 7.414957924213929630e-01 2.267410161035875171e-02
-1.947565836539883719e+02 7.958525997650378603e-01 2.094967041157871218e-02
-1.860291416758840910e+02 7.498960148538352799e-01 -1.176622388815002501e-02
-1.957208943539545203e+02 7.362725748847293028e-01 4.328962866582198449e-02
-1.974798917824184628e+02 7.676156442435850824e-01 4.871482918692726649e-02
-1.858364603183312909e+02 8.514595968507552293e-01 5.229201704350559810e-02
-1.899051684810490883e+02 8.741453183627085899e-01 4.800994978640813621e-02
-1.861193219255248152e+02 8.735613884862718503e-01 9.033348207043841172e-02
-1.831943759728049201e+02 8.632953723441764149e-01 1.256581232135298709e-01
-1.819278435319921812e+02 7.913845642157304461e-01 9.927714407810804553e-02
-1.964097741259556358e+02 7.396389604563681219e-01 4.191067624108155143e-02
-1.941476136291107935e+02 7.887115314475301453e-01 5.196705313470190157e-02
-1.971262304363535236e+02 7.614321816507577667e-01 5.348199750696389088e-02
-1.931268747963240173e+02 8.262628431548764141e-01 1.565382073978295943e-02
-1.706519003811376081e+02 7.503995045948984588e-01 1.154997741026257130e-01
-1.949970704106510482e+02 7.833002923149403607e-01 1.303738446379843104e-02
-1.656001699032941872e+02 8.036040463434906966e-01 -1.186301522881931525e-01
-1.534464755834871710e+02 7.760509602565812681e-01 -1.564802136297520629e-01
-1.433760216423773102e+02 7.813671260585782763e-01 -1.731875847509749267e-01
-1.712149196528747268e+02 7.768069057226990592e-01 -1.009971657424295621e-01
-2.000521077431609172e+02 8.460243947898695716e-01 -1.341998548978379745e-02
-2.014446364745000153e+02 8.456825323451909737e-01 -2.523582927841338044e-02
-1.947324956574340717e+02 8.099758112067856342e-01 -2.532000487042268544e-02
-1.883665955004884722e+02 8.101779036933339784e-01 -6.177890062966334694e-02
-1.965996276066612722e+02 8.428791992498796404e-01 1.959096196008022327e-03
-1.937664002433515691e+02 8.700385638197039029e-01 -6.817024615336592097e-02
-1.956514294192117802e+02 8.997660624715039246e-01 -3.910000059196193367e-02
-2.052576408450546808e+02 9.694358866808076014e-01 1.754319910110833242e-02
-2.054413991876594991e+02 9.511999668359761850e-01 1.548121691704901735e-02
-2.035642553541250948e+02 9.195332589455930128e-01 2.123532869934774414e-02
-1.891877504356472173e+02 8.727558316117162152e-01 5.085806387194087563e-02
-1.978103592552494945e+02 8.995291674174710206e-01 4.348706360534453086e-02
-1.918903537902737355e+02 9.007773265991277922e-01 7.884531366384027462e-02
-1.839909322694271054e+02 9.217299576036933617e-01 1.056678605226670647e-01
-2.013320621489469318e+02 9.412296456684468016e-01 7.057466590035625653e-02
-2.078256381859591784e+02 9.437251774382279246e-01 4.017505261191375160e-02
-2.063200731528285417e+02 9.677417594302636372e-01 4.798279164017419524e-02
-2.066169915438898101e+02 9.626976474858072175e-01 2.324915412232931092e-02
-2.067137963114361412e+02 9.517732593707349809e-01 5.318841676354490317e-02
-2.007424332799866988e+02 9.130846137572581345e-01 3.481143331677610201e-03
-1.965478787073120941e+02 9.264830052352334144e-01 -1.550585131711502453e-02
-1.763883237062511853e+02 9.128350579337327630e-01 -1.095663682377566867e-01
-1.801647813793677813e+02 9.739115870442824896e-01 -1.011300911107427813e-01
-1.908485866600208567e+02 9.716693719153427500e-01 9.251228827886530393e-02
-1.923166545745986298e+02 9.799250933189331825e-01 8.818341818441992330e-02
-2.019699475073132646e+02 9.663891807057145567e-01 6.750601551516763332e-02
-2.008847436975491689e+02 9.394782705785096333e-01 7.138369876538293302e-02
-2.011571400636031797e+02 8.744508558118422314e-01 -2.215624495700558444e-02
-2.007801647243726393e+02 8.527716366388746749e-01 -1.544997067413286969e-02
-2.013547364482079729e+02 8.447322380611639314e-01 -3.787218899304519576e-02
-2.014534300891331782e+02 8.466122821081154548e-01 -2.428995417485778352e-02
-2.018018727490856747e+02 8.563335393840888488e-01 -2.288489538166151027e-02
-1.942343616142084386e+02 8.429733121366167481e-01 -6.656025973316041788e-02
-2.005228415459775988e+02 8.612304902158354203e-01 -4.802171164142540055e-02
-1.842231799275416790e+02 9.045425219728552291e-01 -8.229201517960867129e-02
-1.870839821156372409e+02 9.137728523948617232e-01 -6.437928701845749280e-02
-1.820723091824352764e+02 8.978823125953582229e-01 -9.054324823528717148e-02
-1.967266103063190883e+02 8.914520559311068792e-01 -4.377547472640214848e-02
-1.937693831779754419e+02 8.376012909631532777e-01 1.258575036600558493e-02
-1.892260255808496936e+02 8.465143468727777121e-01 -7.800138296674821725e-02
-1.804591441706178898e+02 8.063440165268050963e-01 -8.253889946786231724e-02
-1.911047104157599108e+02 8.239689260238896029e-01 -6.561956704483408453e-02
-2.014700428103460297e+02 8.700103631788815850e-01 -3.489543295607011597e-02
-1.945567097953453413e+02 8.806294019373046567e-01 2.873320242651866002e-02
-2.014748993634201781e+02 1.000970360764081857e+00 -1.576053901111175914e-03
-2.061272342059738776e+02 9.713667878741732986e-01 2.592358689550014125e-02
-2.076710328134902852e+02 9.454276714180736008e-01 3.067719961288339209e-02
-2.077158355362329019e+02 9.603575569244064969e-01 3.325689239893326460e-02
-1.900362510468849280e+02 9.168138490695888487e-01 -4.755300049644149707e-02
-2.057533015666937217e+02 9.277117898600794055e-01 3.401718600100367418e-02
-1.906026756669773476e+02 8.304853154290470219e-01 2.699135827698493501e-02
-1.925424733862508901e+02 8.011730087541079071e-01 -2.365879431880372336e-02
-1.944771962855337790e+02 8.060814012740536993e-01 7.562900933582838645e-03
-1.987722448958029133e+02 8.576196949837886496e-01 -3.854262334660510034e-03
-1.939317019811914236e+02 8.230883012865398696e-01 -5.586718879759963730e-02
-1.859272295685397012e+02 8.658103871661161355e-01 -8.501522344944935361e-02
-2.005165523534428189e+02 8.400671061412591234e-01 -4.082330675633449174e-02
-1.987783223419293677e+02 8.277356037145001677e-01 -2.213276700047567269e-02
-1.922872332595705700e+02 8.302448067294914136e-01 1.912628633847698878e-02
-1.935633667177602888e+02 8.000609477498293876e-01 -1.078592941246199650e-02
-1.950087055486397105e+02 8.174545351128718051e-01 3.986536990519254017e-03
-1.988441082705610086e+02 8.896689642814769039e-01 8.226720303461103334e-03
-1.970909960334474818e+02 8.860840587057660089e-01 -4.806564250072521693e-02
-1.944435620096635375e+02 8.202715391551262947e-01 8.598658741339698305e-03
-1.995332283625020864e+02 8.911354751390712092e-01 -1.991100770063071457e-03
-2.018675775501378382e+02 9.117218178965393882e-01 1.608511965076652242e-02
-1.998285655550028821e+02 8.823089234214939180e-01 -3.461215224766267529e-02
-2.008791816345981545e+02 8.712791211319828033e-01 -1.564396960517210750e-02
-1.998868217792999644e+02 8.343939510940764359e-01 -3.744468950811363078e-02
-1.970979911420981807e+02 8.201519172943105840e-01 -3.044965709329134837e-02
-1.526641840223401516e+02 8.487409392641654948e-01 -1.369831831955846679e-01
-2.011306063708641716e+02 8.522599160936082940e-01 -4.470947768694200075e-02
-1.998498647605015606e+02 8.446273470762941660e-01 -4.886839156326606287e-02
-1.941897616923209284e+02 8.248094694737473365e-01 1.019557137952619742e-02
-1.943170789469070598e+02 8.042136917123997586e-01 1.275908856226165913e-02
-1.949386852024845496e+02 7.936427846279007214e-01 2.921461630118230360e-02
-1.954213720643763281e+02 8.191400624343491144e-01 -4.355485394470371557e-02
-1.937284004515568938e+02 8.189066088984373604e-01 -5.183338330512064773e-02
-1.886689792968453219e+02 7.937276851251022780e-01 -3.430744667212694970e-02
-2.004763047542349739e+02 8.806648033373396522e-01 -2.871950560471174183e-02
-1.989473671316520154e+02 8.659478026297074971e-01 -3.070166803716075938e-03
-1.942162226628481108e+02 8.605747470623610340e-01 1.556450349046165603e-02
-1.946245807271536421e+02 7.414898171218787803e-01 1.993691470582135278e-02
-1.934014062931548210e+02 7.486958395781916353e-01 1.139582979894410500e-02
-1.856951664535449424e+02 7.550942336871530047e-01 -1.422474084693072828e-02
-1.951742894023751660e+02 7.658410782381130932e-01 1.418286314091387473e-02
-1.979348374679744893e+02 7.524506209933546907e-01 4.306504064441295243e-02
-1.932737519445497867e+02 7.452013551104385014e-01 1.224074919504421731e-02
-1.817144278556463917e+02 7.852064776066810525e-01 -5.397804335806652420e-02
-1.940324353187743327e+02 7.803212934800689560e-01 6.926930692455859559e-03
-1.932304426498390342e+02 7.971593061721252704e-01 -9.230015870686596874e-03
-1.977184665232730651e+02 7.670486041378621334e-01 3.073763487026016233e-02
-1.922623533206172795e+02 8.303394873791190012e-01 1.922740905154342317e-02
-1.969904565651488895e+02 7.612071273608452815e-01 5.434005240674248671e-02
-1.971166905907550699e+02 7.679492064708908217e-01 5.152534017613859263e-02
-1.923663389048679733e+02 7.900497784965379022e-01 6.135186170122115118e-02
-1.927303284807291277e+02 7.728070797684513105e-01 6.946647008158307601e-02
-1.923132055329524235e+02 8.284975673126017126e-01 1.929016824024457066e-02
-1.876211384764398531e+02 8.412252131913985354e-01 3.940043633412187996e-02
-2.023586065843375081e+02 9.422385550092831075e-01 6.795296130571003290e-02
-2.039122207444330002e+02 9.191584344237445636e-01 3.679193223153253561e-02
-2.077771143089096313e+02 9.524465078407260421e-01 4.549967056842076085e-02
-2.025494203809610099e+02 9.206688847140138687e-01 5.366770690346032296e-02
-2.023785922294268289e+02 9.937466331045993195e-01 2.403544330869965273e-02
-1.986868817729310592e+02 9.040506828285534979e-01 -1.326351741267990138e-02
-1.972794234723881459e+02 8.843300037273513770e-01 1.581548601413045735e-02
-1.919522176803766911e+02 8.987011461488884079e-01 7.663611252068684709e-02
-1.812593382597782181e+02 9.146683480887685125e-01 1.124175715751852822e-01
-2.035569902525805333e+02 9.194319238181667409e-01 2.135482297485007813e-02
-2.023250002498385527e+02 9.685169077260358250e-01 3.529402232090321414e-03
-1.911222521799587923e+02 9.449360487381460727e-01 -3.026991576779476320e-02
-2.052625707900193390e+02 9.764431977546117469e-01 4.375302359259709839e-02
-2.025806739558168772e+02 9.758973232933041420e-01 5.185945371170772901e-03
-2.045770977210245292e+02 9.808737694349534131e-01 4.059278363147297841e-02
-2.075644979326091857e+02 9.582841167279146921e-01 2.928422152679097459e-02
-2.058574123909467346e+02 9.723355725664132310e-01 4.562172452314888771e-02
-2.049503499685363010e+02 9.391310557528538272e-01 5.827589757879695492e-02
-1.898471028049714562e+02 9.017354295470438874e-01 8.758014510162841215e-02
-1.848052913427488875e+02 8.552139370278711850e-01 1.060486031992824429e-01
-1.837488243111356780e+02 8.304285350385950393e-01 1.007132932173979145e-01
-1.814166743732740485e+02 8.447939485473195953e-01 1.349805499530884190e-01
-1.883738033327208541e+02 8.004888797341783713e-01 7.268165449427586855e-02
-1.932339173029069173e+02 7.926009235988397128e-01 -3.688614977797140780e-03
-1.979075915675944088e+02 7.623341787391397784e-01 4.682063983023136700e-02
-1.940216120758617819e+02 7.326390726726459413e-01 5.293322920882417154e-02
-1.965113413068403645e+02 7.506144603494352419e-01 2.457225296410159646e-02
-1.965432186210778696e+02 7.414013874051820219e-01 4.573916257180418027e-02
-1.965521588105876845e+02 7.800550813052168353e-01 2.687351109772761690e-02
-1.934454090359208749e+02 7.795341796064555462e-01 4.000024949881286068e-03
-1.975964430475547715e+02 7.485756995129291269e-01 4.364662024400571549e-02
-1.946579809714316980e+02 7.580012071663498885e-01 1.342266512242056183e-02
-1.976091111924955044e+02 7.728588719876884339e-01 3.652907839468431256e-02
-1.958914825177928094e+02 8.276719260036695669e-01 -5.290964387353309234e-02
-1.999892488780864142e+02 8.336817623824390733e-01 -3.321113535288219842e-02
-1.993544978356566446e+02 9.022944407299190450e-01 -7.572540334604982611e-03
-2.005126571925345331e+02 9.035962358959626073e-01 1.459157724212461864e-02
-1.927594607852629736e+02 9.198073458425566340e-01 8.585239074923947666e-02
-2.038272349317704766e+02 9.788766774569119811e-01 5.107189499135432464e-02
-2.071177328660922683e+02 9.410038712478864253e-01 2.783573197098949958e-02
-2.062753135547213219e+02 9.711751071502136012e-01 4.322143158335808172e-02
-2.041333044463058570e+02 9.336116234742698472e-01 5.868372729641133795e-02
-2.038170188827910749e+02 9.382771697901653996e-01 6.223125981801257145e-02
-1.902509408247046849e+02 9.850126360685940163e-01 -5.463229414495939656e-02
-1.878958446206259794e+02 9.589638315224540133e-01 -4.354751094415992840e-02
-1.963705903272471573e+02 9.808259002641973590e-01 -2.320113572916273487e-02
-1.843910585492296548e+02 9.705778015733628195e-01 -7.005133331941633401e-02
-1.962482587273617298e+02 9.930594798395617762e-01 -3.599788571315713781e-02
-1.947420675118270026e+02 9.583416197001152215e-01 -2.011623908191539564e-02
-2.033707932734101576e+02 9.882352423560604171e-01 3.100954971387594877e-02
-2.065194651063362130e+02 9.358167538346161551e-01 4.699488391874429710e-02
-2.074699201671726598e+02 9.476113267897721126e-01 4.780845129556385298e-02
-1.982251142020667771e+02 9.555863561027421182e-01 -9.306066767720888588e-03
-2.078901326230820530e+02 9.467818148050629601e-01 4.268694710261637659e-02
-2.074921862894566118e+02 9.400513882152494727e-01 3.421929379718938180e-02
-2.057689288951584103e+02 9.451813663305154156e-01 1.769358085622036239e-02
-2.023732599479192231e+02 9.898407472131178775e-01 4.101144531463783022e-02
-2.016436442954694996e+02 9.113877850121421265e-01 4.071691808325246520e-02
-1.960735466598111429e+02 8.895490307264349861e-01 3.351496285944097209e-02
-1.938944237561435671e+02 8.556096560799708595e-01 1.518111351097639963e-02
-1.925698398226043935e+02 8.067420057583192250e-01 3.310712979131241046e-02
-1.866418658938563624e+02 8.529927976445615956e-01 -8.342281816168239938e-02
-1.897632291523282788e+02 7.943105240427729141e-01 -2.928507251863280911e-02
-1.935723703146383912e+02 8.010558420860850459e-01 3.279210539648006600e-02
-1.856026873993255037e+02 7.592628786364963300e-01 -1.594497160821016501e-02
-1.955029357882072532e+02 7.807754173470417003e-01 1.644713026921238927e-02
-1.701055726191811175e+02 7.436391115616272085e-01 -7.905850690535823344e-02
-1.786007576501183962e+02 7.891573311406517854e-01 -7.423035419446917527e-02
-1.875542032325531068e+02 8.442514027549880007e-01 -8.078824044148202876e-02
-1.939242516889889885e+02 8.090845393376425720e-01 -3.155095307554147549e-02
-2.019553606240034469e+02 8.539381264597070142e-01 -2.567974419253821888e-02
-2.005156169503802346e+02 8.459951745980548443e-01 -4.600606356738344560e-02
-1.968233238798725324e+02 8.603315336921634193e-01 5.102852909775904520e-03
-1.949898108085440924e+02 8.559631529609557088e-01 -6.664977266708414783e-02
-2.014691477012568441e+02 8.437124778883258180e-01 -3.135547189399777446e-02
-1.982018478917353548e+02 8.935258625674363797e-01 -3.074608171866752282e-02
-1.994741873819690738e+02 9.011985107556096386e-01 -6.363988684266693764e-03
-1.889063682488632878e+02 9.283575733765531135e-01 -4.331235963454193455e-02
-2.068476336807716791e+02 9.342968325149084707e-01 3.558553405310649342e-02
-1.999591136812608454e+02 8.743250196406259223e-01 -8.262183293319468741e-03
-1.992871609256555701e+02 8.672705724529552462e-01 -4.619517674520138596e-03
-1.987742999265529988e+02 8.914272139438088605e-01 1.188383265275351659e-02
-2.030502522038147220e+02 9.890013340859500346e-01 3.468538031655803155e-02
-1.978846564226460032e+02 9.351012024383665855e-01 -9.881690244391002492e-03
-2.072691885205643416e+02 9.658373739697686533e-01 3.456768536950940995e-02
-1.999064874378017294e+02 9.101574820541050714e-01 5.224103690923910526e-02
-1.992185391168609669e+02 9.124713780131684659e-01 -6.547126057269338044e-03
-1.945232557711287882e+02 9.248091127185615878e-01 8.301428611550523695e-02
-1.839602635484116320e+02 8.347382990164162742e-01 1.008219520319966755e-01
-1.893311217703186173e+02 8.776319515144379579e-01 5.913504459618932479e-02
-1.926080731316629908e+02 7.600947460128599786e-01 7.125737514589211563e-02
-1.908987488600716347e+02 7.806448153235587828e-01 7.315606583766827431e-02
-1.846347233812134334e+02 8.030112376185460921e-01 8.991422257335922319e-02
-1.836349200355899143e+02 8.073994117412023330e-01 9.467940595335434806e-02
-1.889596719773707605e+02 8.731146030207016517e-01 5.324309680565052216e-02
-1.875352017683831889e+02 8.544540048823792144e-01 4.238698746427990716e-02
-1.913952393404308339e+02 9.073943922872893530e-01 -5.117160289654491129e-02
-1.932431334084194532e+02 9.134011137212337816e-01 -3.618949770106485997e-02
-1.987233604996546319e+02 9.327462513556190604e-01 -7.216889574818015872e-03
-2.006926050304884939e+02 9.112886139996606572e-01 3.975059810132318405e-03
-2.047372257828234581e+02 9.228888400474558606e-01 3.027814956685665609e-02
-2.062755470560217361e+02 9.395381820234891546e-01 5.204479600000716522e-02
-1.882568186154720706e+02 9.295116538779037985e-01 9.716783852098084817e-02
-2.033210427901709920e+02 9.337394210319789334e-01 6.191917795307610300e-02
-1.894104640156634503e+02 8.850397012826979326e-01 -7.461737155942428645e-02
-1.951169664713078475e+02 8.250084698630624214e-01 -5.328572957570539698e-02
-2.006195834244875584e+02 8.804163017586098539e-01 -2.327016166169792316e-02
-2.013655458688232613e+02 8.724712283470550389e-01 -2.368649742653751791e-02
-1.943813641992940688e+02 8.192072465200513909e-01 -4.927643977585555862e-02
-2.005243729884349193e+02 8.812009569054264357e-01 -2.084677182878438145e-02
-1.957525391900810234e+02 8.666884223781005092e-01 1.172513830610833960e-02
-1.886151523852525997e+02 8.402919316976869002e-01 3.444396701992531729e-02
-1.950408563936394728e+02 7.836312772004235816e-01 1.343607041941666594e-02
-1.930313433913435688e+02 7.634270216101467499e-01 6.073859923902026961e-03
-1.857000988079851709e+02 8.310127109429530368e-01 5.762588579755439228e-02
-1.993220883695844066e+02 8.948468181061173254e-01 1.036854304402483155e-02
-2.039792314522420043e+02 9.355342078539038431e-01 6.040237841947224129e-02
-2.056774306355071928e+02 9.522298090747062238e-01 1.651175739464403464e-02
-2.020378808727635942e+02 9.908931470516622042e-01 4.162274431881796827e-02
-1.945076646955013189e+02 9.641403227908277307e-01 8.583276809029108390e-02
-1.876542289254676632e+02 9.010584525964812075e-01 9.525546834706025146e-02
-1.861736831603457460e+02 8.811922063123431847e-01 9.646763419869162914e-02
-1.892585421430992767e+02 8.869342299685963882e-01 7.789689301681892997e-02
-1.938919076364688578e+02 9.606984024431001190e-01 8.734088233838989412e-02
-1.979069364382805247e+02 9.290524586631718762e-01 7.601600582426476516e-02
-1.846698744146174249e+02 8.505991036401252536e-01 1.036938013886847532e-01
-1.854794748973912419e+02 8.668144509254229746e-01 9.293090957881751379e-02
-1.840526971259410516e+02 8.350401472880671916e-01 9.626188447155216432e-02
-1.838052367543165531e+02 9.019257655482662006e-01 1.079446273773221054e-01
-1.808698016280203831e+02 9.633546643856449876e-01 1.109549733595366489e-01
-1.930119700406949050e+02 9.441038816303725101e-01 -2.433771202431822891e-02
-2.050956323795323897e+02 9.452056710315128729e-01 1.459744671641897452e-02
-1.913715014991802548e+02 9.894050603314705761e-01 -5.477285407949623181e-02
-1.987071417559290012e+02 9.856841286245185962e-01 -1.574801421673126603e-02
-1.962193588608267589e+02 9.063926966148629916e-01 -2.793518838576950630e-02
-1.808100248649992636e+02 8.672745367817604745e-01 -9.396833179254264479e-02
-1.989514158300879387e+02 8.370390009818531318e-01 -4.801584363765471625e-02
-2.012013727762966653e+02 8.711693657069253804e-01 -1.923407490116380708e-02
-1.881912637588156656e+02 7.988771979936968304e-01 -4.592479044778740443e-02
-1.880080512915634756e+02 7.823633604891000459e-01 -2.210366702746799361e-02
-1.972415625806047217e+02 7.734277030718721413e-01 2.899074879074471645e-02
-1.939972362316923977e+02 7.926883953390978510e-01 3.292022205347292906e-03
-1.945581976041176233e+02 7.978066261847831520e-01 2.134416359016431605e-02
-1.886025290423005742e+02 7.730646288074098926e-01 8.137437298413377484e-02
-1.908136244871074894e+02 8.640953438214079574e-01 3.173827576880652868e-02
-1.877778754842155422e+02 8.807867486025950932e-01 8.092204929431909277e-02
-2.011189459335921867e+02 9.260067212048276319e-01 6.505442190167562422e-02
-2.014024989015793210e+02 9.647479582554038258e-01 1.346300978234539307e-04
-2.029995252576624978e+02 9.160834830161733722e-01 3.967508425513662645e-02
-1.987347159367814982e+02 8.989852918453635766e-01 3.297442572142984113e-02
-2.025547394012982920e+02 9.201392611069055816e-01 1.186128263824249435e-02
-2.018825449663446818e+02 9.964690232543321757e-01 7.707560842267245985e-03
-2.071192484014480044e+02 9.671413549994152259e-01 3.462661396165359062e-02
-1.945760214028703672e+02 9.507345725455508267e-01 -1.970205182906931141e-02
-1.952114278679769370e+02 9.732128569954412445e-01 -2.330083160091128008e-02
-2.068090616385278224e+02 9.692406232849848369e-01 3.275127408652544342e-02
-2.010734482917540902e+02 9.066266801620681548e-01 1.760750902552948860e-02
-2.039602050622509637e+02 9.197616178657549435e-01 3.910452368933869938e-02
-1.969163400100144656e+02 8.630675479009072282e-01 5.489924318750892193e-03
-1.937420394827007328e+02 8.093746479290283569e-01 1.736034128029601692e-02
-1.934534798573479861e+02 8.773759944921843967e-01 3.094514507412381502e-02
-1.942974606348991813e+02 8.579444674661156345e-01 -6.831647752836866871e-02
-1.929192052325921622e+02 8.148822423029538076e-01 -4.980831393777430949e-02
-2.020125779212116015e+02 8.515057630807235656e-01 -2.881852274987682649e-02
-1.978569691649804554e+02 8.267837981422467841e-01 -1.249862707395256803e-02
-1.908745643601549489e+02 8.599419935525185466e-01 2.895300360942690970e-02
-2.001099146064966590e+02 8.597266299102912512e-01 -1.011530066223664641e-02
-1.887752908469884119e+02 8.358382002858428805e-01 3.440619283256312472e-02
-1.976680722479510166e+02 9.288747859429133946e-01 7.656492504054729364e-02
-2.025198652249580675e+02 9.771849107005690094e-01 5.952315913261557040e-02
-1.863415532307170679e+02 9.332180005109582677e-01 1.009385711331684810e-01
-1.850000041897030201e+02 8.594623244188082101e-01 8.040381200379013993e-02
-2.007700128827018773e+02 9.049248041437865098e-01 2.130490312685222321e-02
-2.012220463643419066e+02 9.112103960781354761e-01 4.462116642087397833e-02
-1.994237181301861312e+02 9.000830734719420523e-01 -7.518503976696076611e-03
-1.939441830836654788e+02 9.615538032091902609e-01 -2.328604972153938343e-02
-2.021765737933427829e+02 9.424984598321672902e-01 3.870805425315241525e-03
-1.940939363347850133e+02 9.181019718136300689e-01 -2.865513939569927504e-02
-1.835312687102223208e+02 9.421002610884879891e-01 -6.360849437729013123e-02
-1.758426259696408067e+02 9.119968515846699209e-01 -1.110726231318843460e-01
-1.775954876143350987e+02 9.810679174784330270e-01 -1.120169173674959578e-01
-1.778055978084809112e+02 9.471938263714133610e-01 -1.168065532291843039e-01
-1.831461717602448118e+02 9.203915879554311896e-01 -7.915701215426726445e-02
-1.775598065470565246e+02 9.329166437415943314e-01 -1.132609582716002372e-01
-1.845062184022372094e+02 9.623771754324222938e-01 -6.208584540156545512e-02
-1.993924140316615592e+02 9.783518427556594510e-01 -9.328954504241980181e-03
-1.955299431059087283e+02 9.771024755627824021e-01 -2.422055586181263639e-02
-1.929677339750796818e+02 9.715285863791044418e-01 -3.057886967125250308e-02
-2.068590394051844612e+02 9.648343395226939290e-01 2.651314134351754823e-02
-2.067744614235439258e+02 9.498705470700439246e-01 5.280537581788878609e-02
-1.875298061725143270e+02 9.917845636120997677e-01 9.844876538158667256e-02
-1.872803130982249513e+02 8.891353471030143396e-01 9.280918439661746400e-02
-1.850999382631392791e+02 8.546876502786076024e-01 6.291033584580280058e-02
-1.981853998331006608e+02 7.567463014793249787e-01 3.948005557982456337e-02
-1.978191730396249000e+02 8.228539024534140545e-01 -2.146060903398466779e-02
-1.873292904021236893e+02 7.357244733371703926e-01 -4.523765420847126149e-03
-1.957388727556165406e+02 7.410898114302737483e-01 2.680008181358370725e-02
-1.976962035222437635e+02 7.539481828444368761e-01 3.186443291769723574e-02
-1.940195846887640698e+02 7.872573542698514393e-01 5.426181005431285169e-03
-1.915405400669213520e+02 8.019438416586832652e-01 -3.291698137114772854e-02
-1.952132433304187771e+02 7.865584797731530742e-01 1.597655612395883912e-02
-1.781284753167869610e+02 7.150054820665789901e-01 -4.039036693351522045e-02
-1.484875411574116981e+02 5.598090285096226637e-01 -8.461394107953303101e-02
-1.459421105146032858e+02 6.141983673688296008e-01 -1.189333842111513634e-01
-1.727876260770933072e+02 6.640981777622685378e-01 -7.795968251765578172e-02
-1.928876436310546296e+02 7.315452483123766614e-01 5.807188977442130640e-02
-1.961919666602391317e+02 7.434330896597628469e-01 5.219967226779623215e-02
-1.938416652054720544e+02 8.011388387063957950e-01 2.867130605650548836e-02
-1.949431892922078475e+02 7.385706493456835053e-01 5.504567274278809874e-02
-1.954185687655738093e+02 7.352387040658862061e-01 3.401817067116765653e-02
-1.968860728147428745e+02 7.646547145751696473e-01 5.433352816217380116e-02
-1.852484790750532113e+02 8.065402125945134726e-01 8.597802764407493081e-02
-1.888411782808725548e+02 8.175138121534267777e-01 4.743681765690625773e-02
-1.909811205717504947e+02 7.981293605514394596e-01 6.036450924471137985e-02
-1.824913940065616202e+02 8.341136303215256342e-01 1.218131124620802919e-01
-1.825028977818186036e+02 8.707617642953822124e-01 1.263760011178979570e-01
-1.857329250370761713e+02 9.081982891084522391e-01 1.019339824153272095e-01
-2.032172389825392145e+02 9.379919080857482827e-01 6.416119783501725293e-02
-2.079372729685418335e+02 9.575012143614559657e-01 3.473938889414981274e-02
-1.994318973340654395e+02 9.045269149745198689e-01 4.273828485547533779e-02
-1.931532659741328928e+02 8.822784401233930707e-01 4.016557203899249334e-02
-2.043752200318512564e+02 9.227979942271813396e-01 2.421831800916382504e-02
-2.080860751847237395e+02 9.485233914260196020e-01 3.839166731453479142e-02
-2.000773067270279455e+02 8.823020327849142586e-01 -1.115798782828092764e-02
-1.989602034989389949e+02 8.428297600933347677e-01 -8.740118821549765563e-03
-2.016384606333234331e+02 8.547652377521581801e-01 -4.132249395761477401e-02
-2.012739896009726976e+02 8.740488895100652078e-01 -2.887364364234906028e-02
-1.951599901254142537e+02 8.303821704622326161e-01 -5.794789380098575027e-02
-2.017185072422570045e+02 8.463837531274415182e-01 -3.279998128986789246e-02
-1.962031728497380811e+02 8.159018038155342323e-01 -1.240324130522765106e-02
-1.944649677683538016e+02 8.027931858469183890e-01 4.179954256202743530e-03
-1.903559934351208369e+02 7.904297651803645630e-01 -2.003434514924113882e-02
-1.895185945521830604e+02 8.493644397365565091e-01 -7.781563142482682272e-02
-2.014599370866960157e+02 8.437917569618021973e-01 -2.970838246608656710e-02
-1.947108344517901912e+02 8.452179447161244363e-01 -6.596209400815818136e-02
-2.021284556955132530e+02 8.534879236433717820e-01 -3.281787125289144930e-02
-1.825216260357265980e+02 7.982399911212608723e-01 -6.906000033763433354e-02
-1.986551541310951450e+02 8.265976908085014285e-01 -2.497937271761578246e-02
-1.998037770439464964e+02 8.784996941379468183e-01 -4.054741338566281161e-02
-1.998141134853502763e+02 8.443238923221998427e-01 -1.277431146890675544e-02
-1.933035219542986738e+02 7.762432613476943910e-01 4.170995511068357163e-03
-1.842675205508475358e+02 8.199748672111867309e-01 8.916216604328822126e-02
-1.846770262473896196e+02 8.500874968649920760e-01 6.490362880756944675e-02
-1.902043353798216572e+02 7.905435381702059505e-01 -2.102333408276363738e-02
-1.780670342973027687e+02 7.808117626521802190e-01 -6.528401012377735291e-02
-1.886920977423737611e+02 7.802951686344632432e-01 -1.735768819862831824e-02
-1.980103095906984549e+02 7.611070084794303581e-01 3.318517690052971703e-02
